0 -0.02 -0.125 0
0 -0.01671 -0.125 -7.405780108e-05
6.089568965e-06 -0.0125927459 -0.1249811033 -0.0001228827495
1.591723457e-05 -0.009237103588 -0.1249501532 -0.0001551141812
3.007517879e-05 -0.005868147558 -0.1249050197 -0.000184734548
4.842871227e-05 -0.002499415268 -0.1248457846 -0.0002176033109
7.087492338e-05 0.0008690215823 -0.1247724304 -0.0002578215572
9.73057239e-05 0.004236369698 -0.1246849571 -0.0003077848486
0.0001276244389 0.007603276867 -0.1245833268 -0.0003683710329
0.0001617333049 0.01096989582 -0.1244675048 -0.0004391375858
0.0001995196142 0.01433495468 -0.1243375073 -0.0005186004349
0.0002408945981 0.01769937867 -0.1241932691 -0.0006045436149
0.000285761555 0.02106315352 -0.124034751 -0.0006942808017
0.0003340125 0.02442543563 -0.1238619545 -0.0007849786509
0.0003855610559 0.02778688656 -0.1236748036 -0.0008739332021
0.0004403122902 0.03114743966 -0.1234732523 -0.0009587664538
0.0004981578332 0.03450622501 -0.1232573044 -0.001037636331
0.0005590213978 0.03786421324 -0.1230268442 -0.001109341566
0.0006228000847 0.04122077784 -0.1227818546 -0.001173355529
0.0006893935214 0.04457547641 -0.1225223104 -0.001229848739
0.0007587252885 0.04792902561 -0.1222480923 -0.001279616112
0.0008307017641 0.05128120823 -0.1219591463 -0.001323964933
0.000905213794 0.05463111363 -0.1216554819 -0.001364608578
0.0009821929901 0.05797965583 -0.1213369428 -0.001403521207
0.001061546205 0.06132657508 -0.121003471 -0.001442778889
0.001143173203 0.06467132477 -0.120655039 -0.001484730518
0.001226992835 0.06801413764 -0.1202915378 -0.001532533464
0.001312930089 0.07135543028 -0.1199128282 -0.00158975399
0.001400875976 0.07469428043 -0.1195189192 -0.001654853432
0.001490460177 0.07803109087 -0.1191097923 -0.001719132478
0.001580284151 0.08136607596 -0.1186861667 -0.001773146873
0.001667616494 0.08469900545 -0.1182502376 -0.001810694412
0.001748920105 0.08803043181 -0.1178054877 -0.001828455896
0.001820381615 0.09136163565 -0.1173561777 -0.001825329169
0.001878117392 0.09469342639 -0.116907096 -0.001801830495
0.001918253968 0.09802545796 -0.1164634287 -0.001759569444
0.001937003961 0.1013590266 -0.1160302935 -0.001700745809
0.001930658769 0.104693985 -0.1156131313 -0.001627726821
0.001895667969 0.1080313076 -0.1152173944 -0.001542653073
0.001828747018 0.1113711708 -0.1148488391 -0.001447103516
0.001727104596 0.1147128026 -0.1145135565 -0.001341698901
0.001588650411 0.1180567759 -0.1142177355 -0.001225702685
0.001412299945 0.1214036107 -0.1139677752 -0.001096994229
0.001198447448 0.1247496987 -0.113770347 -0.0009523354892
0.0009482988947 0.1280971222 -0.1136315395 -0.0007875428382
0.0006642434795 0.1314429393 -0.113557422 -0.0005981104593
0.0003490090655 0.1347870931 -0.1135536291 -0.0003800344738
5.890871688e-06 0.1381267866 -0.1136255488 -0.00013038523
-0.000361809164 0.1414611396 -0.1137783401 0.0001527147685
-0.000750651419 0.144788778 -0.1140170372 0.0004702247388
-0.00115680718 0.1481056251 -0.1143462951 0.0008228030585
-0.001576672648 0.1514099533 -0.1147707419 0.001211440674
-0.002006326161 0.1546977454 -0.115294504 0.00163786328
-0.002441923913 0.1579656702 -0.1159213748 0.00210507209
-0.002879903312 0.1612118365 -0.1166549094 0.002616715305
-0.003316520973 0.1644304261 -0.1174968132 0.00317519264
-0.003749362737 0.1676188287 -0.118448035 0.003776171797
-0.004176953011 0.1707724072 -0.1195075976 0.004403919267
-0.004598805354 0.1738884475 -0.1206744612 0.005039583749
-0.005014511413 0.1769637992 -0.1219473209 0.005672060283
-0.005423504494 0.1799941342 -0.1233242192 0.006297436841
-0.005825365893 0.1829762122 -0.1248034608 0.006914047633
-0.006219713401 0.1859070593 -0.1263833642 0.007520411386
-0.00660619371 0.1887839133 -0.1280622748 0.008115130894
-0.006984342245 0.1916031792 -0.129837921 0.008696914333
-0.007353753117 0.1943616922 -0.1317080875 0.009264666142
-0.00771404295 0.1970564501 -0.1336704955 0.009817429189
-0.008064834874 0.1996844937 -0.1357227248 0.01035441835
-0.008405840015 0.2022435189 -0.1378627309 0.01087485038
-0.008736584022 0.2047298241 -0.1400871131 0.01137817888
-0.009056993434 0.207142717 -0.1423950155 0.01186382727
-0.009366499815 0.2094777758 -0.144781955 0.01233113845
-0.0096648601 0.2117330206 -0.1472454889 0.01277967325
-0.009951750163 0.2139058547 -0.1497823387 0.0132089538
-0.01022683943 0.2159936238 -0.1523888322 0.01361872986
-0.01049006597 0.217995709 -0.1550636984 0.0140087839
-0.01074112717 0.2199096612 -0.1578032531 0.01437878108
-0.01097977756 0.2217334583 -0.1606040575 0.01472850307
-0.01120584577 0.223465638 -0.1634632863 0.0150577543
-0.01141909987 0.2251042687 -0.1663770998 0.01536638746
-0.01161940985 0.2266481947 -0.1693427266 0.0156543779
-0.01180669369 0.2280966294 -0.1723580793 0.01592162367
-0.01198071083 0.2294475548 -0.1754182778 0.01616801101
-0.01214134276 0.2306998867 -0.178519906 0.01639359597
-0.01228857165 0.2318533243 -0.1816614051 0.01659841344
-0.01242225721 0.2329066062 -0.1848385773 0.01678243263
-0.01254228836 0.2338586869 -0.1880471315 0.01694570736
-0.01264864454 0.2347092287 -0.1912846639 0.01708831259
-0.01274126421 0.2354575623 -0.1945472792 0.01721032002
-0.01282013595 0.2361034128 -0.1978322526 0.01731180979
-0.01288523789 0.2366464128 -0.2011360374 0.01739285162
-0.01293656988 0.2370863626 -0.2044553606 0.01745351103
-0.01297413697 0.2374230863 -0.2077860582 0.01749386413
-0.01299798144 0.2376567174 -0.211125764 0.01751398412
-0.01300814294 0.2377873498 -0.2144709038 0.01751393481
-0.01300467751 0.237815213 -0.2178186325 0.01749377919
-0.01298765236 0.237740611 -0.221165524 0.01745359343
-0.01295716165 0.2375640368 -0.2245072414 0.01739345304
-0.01291328034 0.2372858928 -0.227842806 0.01731344402
-0.01285613521 0.2369069113 -0.2311674023 0.0172136921
-0.01278583835 0.2364277523 -0.2344785873 0.01709434109
-0.01270253577 0.2358493145 -0.2377727772 0.01695554807
-0.0126063302 0.2351722025 -0.2410484615 0.01679753947
-0.01249743837 0.2343978288 -0.2443006011 0.01662056988
-0.01237594843 0.2335267024 -0.2475285891 0.01642492189
-0.01224208568 0.2325603143 -0.2507281175 0.01621097437
-0.01209600626 0.2314996664 -0.2538970885 0.01597914889
-0.01193794933 0.230346368 -0.2570318403 0.01572987624
-0.01176802741 0.2291011083 -0.2601314395 0.01546371186
-0.01158661117 0.2277664725 -0.2631904593 0.01518119415
-0.0113937325 0.2263425617 -0.2662095553 0.01488282645
-0.01118970091 0.2248315207 -0.2691848071 0.01456933504
-0.01097481292 0.2232354096 -0.2721129848 0.01424134289
-0.01074922703 0.2215552672 -0.2749929196 0.01389942507
-0.0105131793 0.219792709 -0.2778224092 0.01354430114
-0.01026703523 0.217950323 -0.2805979472 0.01317661282
-0.01001094388 0.2160290825 -0.2833186767 0.01279690329
-0.009745175733 0.2140308703 -0.2859823995 0.01240607832
-0.009470428315 0.2119607934 -0.2885831222 0.01200468261
-0.009186512093 0.2098172844 -0.2911235392 0.01159298234
-0.008893810155 0.2076030862 -0.2936007862 0.01117162498
-0.008592713439 0.2053210104 -0.2960122351 0.01074099782
-0.008283296146 0.2029714706 -0.2983578641 0.01030149452
-0.007966019704 0.2005578195 -0.300634686 0.009853552962
-0.007641064311 0.1980812771 -0.3028419254 0.009397515225
-0.007308802447 0.1955445297 -0.3049775173 0.008933690858
-0.006969396536 0.1929486624 -0.3070408247 0.008462454369
-0.006623341407 0.1902973051 -0.3090292489 0.007984161525
-0.006270781087 0.1875914062 -0.3109423638 0.007499101575
-0.005912120925 0.1848339193 -0.3127783161 0.007007683371
-0.00554767133 0.1820270744 -0.3145358854 0.006510258642
-0.005177741321 0.1791730942 -0.3162139253 0.00600714229
-0.004802565954 0.1762736318 -0.3178116567 0.005498696747
-0.004422501454 0.1733312783 -0.3193278139 0.004985424225
-0.00403796597 0.170349111 -0.3207610171 0.00446767021
-0.003649057814 0.1673277286 -0.3221111222 0.003945902049
-0.003256361026 0.1642715047 -0.3233763207 0.003420576662
-0.002859941373 0.1611807867 -0.3245566056 0.002892172016
-0.002460413394 0.158060201 -0.3256503459 0.002361120772
-0.002057775142 0.1549095655 -0.3266577166 0.001827767835
-0.00165252427 0.1517326034 -0.3275775709 0.001292754752
-0.001245130376 0.1485328306 -0.3284090349 0.0007563541616
-0.0008355634361 0.1453098404 -0.3291522719 0.000218928235
-0.0004244694382 0.1420685429 -0.3298061829 -0.0003190170355
-1.208280091e-05 0.1388106174 -0.330370528 -0.0008573065415
0.0004014070486 0.1355373847 -0.3308450878 -0.001395638255
0.0008155225836 0.1322524483 -0.3312293419 -0.001933582392
0.001229829631 0.1289590803 -0.3315229837 -0.00247105744
0.001644343499 0.1256569805 -0.3317260262 -0.003007914441
0.002058491832 0.1223505253 -0.3318381428 -0.003543727195
0.002471835401 0.1190430467 -0.3318592695 -0.004078481255
0.002884422096 0.1157339782 -0.3317893608 -0.004611967649
0.003295510895 0.1124290793 -0.331628491 -0.005143915335
0.003705061646 0.1091284913 -0.3313766506 -0.005674238122
0.004112641785 0.1058355119 -0.3310340039 -0.00620262267
0.004517892554 0.1025528539 -0.3306007818 -0.006728806863
0.004920502421 0.09928285435 -0.3300772371 -0.007252565906
0.005320218161 0.09602737895 -0.3294635732 -0.007773588416
0.005716648181 0.0927894243 -0.3287602479 -0.008291474216
0.006109457018 0.08957153882 -0.3279677253 -0.008805886435
0.006498401758 0.08637551675 -0.3270863238 -0.009316394078
0.006883052436 0.08320469491 -0.3261168412 -0.009822506558
0.007263115996 0.08006129441 -0.3250598551 -0.01032386353
0.007638391575 0.07694677422 -0.3239156906 -0.01081998939
0.00800843553 0.0738646124 -0.3226854537 -0.0113103284
0.008372936734 0.07081720025 -0.3213699664 -0.01179451842
0.008731742474 0.06780560472 -0.3199694802 -0.01227206403
0.009084336551 0.0648339488 -0.3184857127 -0.01274241024
0.009430457449 0.06190423327 -0.3169195229 -0.01320523237
0.009769909647 0.05901789945 -0.3152714635 -0.01366016805
0.01010234978 0.0561776469 -0.3135428154 -0.01410674008
0.01042738475 0.05338661983 -0.3117352863 -0.01454464527
0.01074489922 0.05064558648 -0.3098491133 -0.01497353637
0.01105442083 0.04795839964 -0.307886678 -0.01539304067
0.01135577716 0.04532633353 -0.3058486643 -0.01580289538
0.01164865677 0.04275187572 -0.3037366915 -0.01620274843
0.01193276259 0.04023740568 -0.3015524196 -0.01659226145
0.01220782193 0.03778510346 -0.2992974498 -0.01697115735
0.01247365411 0.03539633382 -0.2969726686 -0.01733907807
0.01272991403 0.03307394637 -0.2945804579 -0.01769557703
0.01297634262 0.03082004235 -0.2921226361 -0.01804025246
0.01321271697 0.02863640582 -0.2896007642 -0.01837265912
0.0134387798 0.0265251511 -0.2870168656 -0.01869228508
0.01365427864 0.02448837155 -0.2843730885 -0.01899864356
0.01385905157 0.02252731617 -0.2816705538 -0.01929117345
0.01405280658 0.02064449043 -0.2789121799 -0.01956923963
0.01423532847 0.01884169872 -0.2761001242 -0.0198322669
0.01440644934 0.01712029137 -0.2732359111 -0.02007961042
0.01456589556 0.0154827099 -0.2703230349 -0.02031064326
0.01471353437 0.0139299962 -0.2673627581 -0.02052479882
0.01484918307 0.01246370896 -0.2643572835 -0.02072145629
0.01497262867 0.01108577928 -0.2613098078 -0.02090001881
0.01508369753 0.009797773331 -0.2582230888 -0.02105997309
0.01518225418 0.008600853444 -0.2550991 -0.02120085016
0.01526814453 0.007496432173 -0.2519405763 -0.02132220582
0.01534121648 0.006485980801 -0.2487507778 -0.02142369274
0.01540138299 0.005570095387 -0.2455302974 -0.0215049748
0.01544846658 0.004750811489 -0.2422850145 -0.02156577805
0.01548238737 0.004028821076 -0.2390165877 -0.02160593083
0.01550305823 0.003404835214 -0.2357264198 -0.02162527631
0.01551037862 0.002880151675 -0.2324193297 -0.02162371377
0.01550428511 0.002455605499 -0.2290988683 -0.02160119058
0.0154847069 0.002131582083 -0.2257650192 -0.02155767842
0.01545160927 0.001909066744 -0.2224239305 -0.02149320039
0.0154049565 0.001788496032 -0.2190778234 -0.02140776425
0.01534470206 0.001770327639 -0.2157284915 -0.02130141125
0.01527086706 0.001854961977 -0.2123809392 -0.02117420672
0.01518344044 0.0020426694 -0.20903753 -0.02102620668
0.01508246249 0.002333562211 -0.2057022524 -0.02085746905
0.01496794566 0.002727757056 -0.2023776358 -0.02066803024
0.0148399367 0.003225227699 -0.1990670282 -0.02045829021
0.01469896418 0.003823782135 -0.19578414 -0.02022841063
0.01454474135 0.004524488482 -0.1925222398 -0.01997814866
0.01437736057 0.005326968699 -0.1892845949 -0.01970775707
0.0141971844 0.006229432933 -0.1860788545 -0.01941738529
0.01400416727 0.007232036847 -0.1829046889 -0.01910695012
0.01379840547 0.008334270347 -0.1797646106 -0.01877644971
0.01357995941 0.009535821554 -0.1766606289 -0.01842603924
0.01334913649 0.01083499136 -0.1735980499 -0.01805594412
0.0131060721 0.01223098367 -0.1705794173 -0.01766626163
0.01285090631 0.01372297188 -0.1676073033 -0.01725720158
0.01258390875 0.0153093505 -0.1646856299 -0.01682904881
0.01230529521 0.01698879593 -0.1618174444 -0.01638206426
0.01201528756 0.01875992845 -0.1590057083 -0.01591656597
0.01171415466 0.02062105976 -0.1562536751 -0.01543292701
0.01140216556 0.0225704752 -0.1535644062 -0.01493155063
0.01107960486 0.02460634068 -0.1509409285 -0.01441288865
0.0107467798 0.02672665722 -0.1483862804 -0.01387742703
0.01040399355 0.02892943008 -0.1459033034 -0.01332569942
0.01005158889 0.03121238966 -0.1434949667 -0.01275828029
0.009689892893 0.03357334718 -0.1411639671 -0.01217579976
0.009319289525 0.0360097222 -0.1389132099 -0.011578906
0.008940093225 0.03851937232 -0.1367450267 -0.01096835685
0.008552787383 0.04109901719 -0.1346625577 -0.01034498274
0.008157725585 0.04374621427 -0.132668029 -0.009709573513
0.007755279749 0.04645838605 -0.1307636618 -0.009063064874
0.007345910112 0.04923234254 -0.1289519537 -0.008406502486
0.006930030392 0.05206518808 -0.1272350239 -0.007741003069
0.006508073754 0.05495387867 -0.12561494 -0.007067828355
0.006080499312 0.05789517542 -0.1240937238 -0.006388384906
0.005647767946 0.06088580941 -0.1226732506 -0.00570416312
0.005210283687 0.06392289059 -0.1213550889 -0.005017842347
0.004768594033 0.06700251798 -0.1201411086 -0.004336835132
0.004323165562 0.07012133373 -0.1190327719 -0.003677851087
0.003874424793 0.07327624831 -0.1180313324 -0.003061175845
0.003423175692 0.07646336896 -0.1171380219 -0.002498387059
0.00297110756 0.07967884965 -0.116353069 -0.001990538359
0.002520934268 0.08291942589 -0.1156749532 -0.001534012864
0.002076147952 0.08618093032 -0.1151008685 -0.001124484146
0.00164034969 0.08945988233 -0.1146269283 -0.0007582279465
0.001217109626 0.09275319696 -0.1142487209 -0.0004323713129
0.0008099622829 0.09605785856 -0.1139615994 -0.0001445982609
0.000422355643 0.09937124435 -0.1137607442 0.0001073232799
5.760949128e-05 0.1026914508 -0.1136412031 0.0003259461453
-0.0002809887656 0.1060162454 -0.1135979425 0.0005145252799
-0.0005903587069 0.1093441412 -0.1136257746 0.0006771342251
-0.0008676909461 0.1126741619 -0.1137193542 0.000818329815
-0.001110486642 0.1160040503 -0.1138730521 0.0009425087295
-0.001317126384 0.1193344028 -0.114081107 0.001052973266
-0.001486769193 0.1226631815 -0.1143374188 0.001151622694
-0.001619888665 0.1259911213 -0.114636022 0.001239442775
-0.001717906271 0.1293159227 -0.1149707996 0.001316778513
-0.001783190839 0.1326405553 -0.1153363851 0.001383478184
-0.001818480111 0.1359628605 -0.1157271241 0.001438963133
-0.001826893823 0.1392830112 -0.1161378054 0.001482301329
-0.001811725321 0.1426015383 -0.1165634376 0.001512280934
-0.001776347841 0.1459196163 -0.1169992445 0.001527588357
-0.00172420293 0.1492368608 -0.1174403464 0.001527187276
-0.00165877701 0.1525533172 -0.1178820219 0.001510775713
-0.001583537989 0.1558710533 -0.1183199903 0.001479281129
-0.001502024165 0.1591885026 -0.1187498255 0.001435471643
-0.001417547874 0.162507233 -0.119168151 0.001384813495
-0.001332865793 0.1658277125 -0.1195725762 0.001335924242
-0.001249547744 0.1691500294 -0.1199621008 0.001295526187
-0.001168079802 0.1724739119 -0.1203365855 0.001263316475
-0.001088561417 0.1757998177 -0.120696164 0.00123605453
-0.001011091835 0.1791271471 -0.1210408571 0.001211299757
-0.0009357536332 0.1824560076 -0.1213707599 0.001187009832
-0.0008626124972 0.1857873318 -0.1216860375 0.001161073886
-0.0007917988728 0.1891191159 -0.1219865751 0.001131420508
-0.0007233702777 0.1924527227 -0.1222725703 0.001096190801
-0.0006574442013 0.1957866707 -0.1225439669 0.001053891622
-0.0005940730265 0.1991227721 -0.1228009765 0.00100355403
-0.0005333888221 0.2024587312 -0.123043485 0.0009448543774
-0.0004754691941 0.205795068 -0.1232716 0.0008781461877
-0.0004203811884 0.2091331139 -0.1234854659 0.0008045220608
-0.000368237141 0.2124715835 -0.1236850492 0.0007257640109
-0.0003191208676 0.215810932 -0.1238704265 0.0006442090862
-0.0002731256985 0.2191510951 -0.1240416373 0.0005625988579
-0.0002303545391 0.2224912904 -0.1241986854 0.0004838193617
-0.0001908937762 0.2258320054 -0.1243416351 0.0004106179584
-0.0001548346776 0.229173538 -0.1244705317 0.0003453194782
-0.0001222759489 0.2325156276 -0.1245853927 0.0002895035792
-9.331308977e-05 0.2358584052 -0.1246862471 0.0002436956968
-6.803950399e-05 0.2392025433 -0.1247731304 0.0002071137408
-4.656300415e-05 0.2425469813 -0.1248460283 0.0001774230167
-2.898273247e-05 0.2458917268 -0.1249049569 0.0001505547872
-1.539929729e-05 0.2492367167 -0.1249499269 0.0001205843188
-5.913921067e-06 0.2525820216 -0.1249809469 7.341641615e-05
0 0.25671 -0.125 0
0 0.25999 -0.125 0
