0 -0.02 -0.125 0
0 -0.01671 -0.125 0.008112856143
5.545536989e-06 -0.01337661422 -0.1249858898 0.02225055824
1.635288285e-05 -0.01004333134 -0.1249576199 0.03257253916
3.214120716e-05 -0.006710219203 -0.1249151344 0.03528792816
5.263361196e-05 -0.003377345237 -0.1248583713 0.03111249479
7.755861942e-05 -4.477668435e-05 -0.1247872623 0.02325207214
0.0001066520267 0.003287419168 -0.1247017328 0.01542921518
0.0001396590389 0.006619174739 -0.1246017015 0.01047652687
0.0001763365882 0.009950421904 -0.1244870806 0.009681197575
0.0002164557449 0.01328109172 -0.1243577753 0.01273256875
0.0002598041235 0.01661111415 -0.1242136842 0.01805536442
0.0003061881892 0.01994041779 -0.1240546988 0.0234336246
0.0003554353682 0.02326892962 -0.1238807039 0.02686952883
0.0004073958729 0.02659657468 -0.1236915777 0.02744208683
0.0004619441571 0.02992327588 -0.1234871917 0.02572508425
0.0005189799334 0.03324895373 -0.1232674109 0.02341807575
0.0005784286996 0.03657352611 -0.1230320944 0.02230462598
0.0006402417491 0.03989690811 -0.1227810953 0.02314443369
0.0007043956593 0.04321901181 -0.1225142614 0.02520048831
0.0007708912862 0.04653974615 -0.1222314356 0.02669015583
0.0008397523064 0.04985901683 -0.1219324562 0.02584166019
0.0009110233759 0.05317672616 -0.1216171575 0.02188537893
0.0009847679804 0.05649277304 -0.1212853707 0.01543951878
0.001061066065 0.05980705287 -0.120936924 0.008199929065
0.001140011533 0.06311945751 -0.1205716432 0.002206509663
0.001221709678 0.06642987523 -0.1201893522 -0.001170817701
0.001306274596 0.06973819068 -0.1197898727 -0.001888656843
0.001393820544 0.07304428572 -0.1193730282 -0.0007086205222
0.001484170926 0.07634807641 -0.1189388647 0.001345163515
0.001575308043 0.0796498012 -0.1184894144 0.003296499337
0.001664059096 0.08295000753 -0.1180284771 0.00435470973
0.001747063973 0.08624934805 -0.1175603263 0.004198150609
0.001820933678 0.08954850404 -0.1170893551 0.002915575409
0.001882269348 0.09284814666 -0.1166200027 0.0009121912712
0.001927663794 0.09614890653 -0.1161567433 -0.001226052097
0.001953702846 0.09945134488 -0.1157040896 -0.0028768933
0.001956971919 0.1027559255 -0.1152666063 -0.003527602962
0.001934077598 0.1060629881 -0.1148489366 -0.002920844501
0.001881705392 0.1093727238 -0.1144558504 -0.001144288679
0.0017967486 0.1126851558 -0.1140923146 0.001434392236
0.001676541814 0.1160001259 -0.1137635666 0.004387232374
0.001519192004 0.1193172884 -0.1134751352 0.007489650742
0.001323847589 0.1226361104 -0.1132327554 0.01048853405
0.001090823105 0.1259558763 -0.1130422042 0.01304681041
0.0008215358276 0.1292756957 -0.1129091269 0.0147318476
0.000518272648 0.1325945059 -0.1128389282 0.01515024715
0.0001838974333 0.1359110637 -0.1128367576 0.0141097366
-0.0001783991409 0.139223927 -0.112907562 0.01168120939
-0.0005652510844 0.1425314289 -0.1130561476 0.008172122197
-0.0009731893483 0.1458316493 -0.1132872193 0.0040886847
-0.001398667729 0.1491223869 -0.1136053935 6.880311557e-05
-0.001838069089 0.1524011318 -0.11401519 -0.00323764727
-0.002287705265 0.1556650406 -0.1145210084 -0.005352879399
-0.002743817039 0.1589109147 -0.1151270904 -0.006157244556
-0.003202584471 0.16213519 -0.1158374417 -0.005822157875
-0.003660217505 0.1653339675 -0.1166555878 -0.004427628719
-0.004113487157 0.1685031869 -0.1175837771 -0.002370332736
-0.004560795879 0.1716389279 -0.1186220327 -0.0003949799739
-0.005001621646 0.1747374036 -0.1197692253 0.0007404600553
-0.005435487429 0.1777948712 -0.121024048 0.0005873033368
-0.005861918654 0.1808076407 -0.1223850412 -0.0008968389667
-0.006280445175 0.1837720827 -0.123850594 -0.003131712117
-0.006690603299 0.1866846367 -0.1254189449 -0.005458194774
-0.007091937795 0.1895418199 -0.1270881842 -0.00759489561
-0.00748400384 0.1923402351 -0.1288562574 -0.009271978562
-0.007866368909 0.195076579 -0.1307209682 -0.01029500681
-0.008238614624 0.1977476501 -0.1326799836 -0.01060332426
-0.008600338529 0.2003503561 -0.1347308395 -0.01029123964
-0.008951155771 0.2028817207 -0.1368709461 -0.00958548947
-0.009290700602 0.2053388897 -0.1390975959 -0.008786520037
-0.009618627629 0.2077191373 -0.1414079703 -0.00819189307
-0.009934612747 0.2100198697 -0.1437991486 -0.008024358932
-0.01023835374 0.2122386297 -0.1462681162 -0.008383992111
-0.01052957058 0.2143730987 -0.1488117744 -0.009235037121
-0.01080800548 0.2164210991 -0.1514269488 -0.01042716984
-0.01107342282 0.2183805949 -0.1541103993 -0.01174135391
-0.01132560891 0.2202496916 -0.1568588286 -0.01294507381
-0.01156437176 0.2220266355 -0.1596688916 -0.01384156013
-0.01178954074 0.2237098124 -0.1625372036 -0.0143019811
-0.01200096619 0.2252977449 -0.1654603487 -0.0142763699
-0.01219851898 0.2267890904 -0.1684348868 -0.01378573043
-0.01238209005 0.2281826376 -0.1714573612 -0.01290229442
-0.01255158995 0.229477303 -0.1745243048 -0.01172645021
-0.01270694831 0.2306721277 -0.1776322457 -0.01036770807
-0.0128481134 0.2317662737 -0.1807777129 -0.008934106628
-0.01297505162 0.23275902 -0.1839572404 -0.007530676869
-0.01308774699 0.2336497596 -0.1871673718 -0.006263874052
-0.01318620059 0.2344379963 -0.1904046634 -0.005246174084
-0.01327042988 0.2351233414 -0.193665688 -0.004594241782
-0.01334046794 0.2357055116 -0.1969470373 -0.00441586587
-0.01339636253 0.2361843262 -0.2002453244 -0.004785098576
-0.01343817507 0.2365597054 -0.203557187 -0.005710590709
-0.01346597942 0.2368316687 -0.2068792886 -0.00710698765
-0.01347986065 0.237000333 -0.2102083217 -0.008781359928
-0.01347991366 0.2370659121 -0.2135410092 -0.01044466762
-0.01346624174 0.237028715 -0.2168741069 -0.01175225621
-0.01343895522 0.2368891455 -0.2202044059 -0.01236884634
-0.01339817009 0.2366477013 -0.2235287346 -0.012044891
-0.01334400666 0.2363049732 -0.2268439613 -0.01068528479
-0.01327658839 0.2358616444 -0.2301469967 -0.008390456983
-0.01319604083 0.2353184894 -0.2334347965 -0.005454918548
-0.01310249075 0.234676373 -0.2367043641 -0.0023187275
-0.01299606547 0.2339362487 -0.2399527531 0.0005194019543
-0.01287689242 0.2330991575 -0.2431770704 0.002606457168
-0.01274509906 0.2321662253 -0.2463744785 0.003629346944
-0.01260081295 0.2311386613 -0.2495421984 0.003473222878
-0.01244416222 0.2300177548 -0.2526775116 0.002228822484
-0.01227527628 0.2288048723 -0.255777763 0.0001500156359
-0.01209428678 0.2275014545 -0.2588403623 -0.002421303504
-0.01190132888 0.2261090116 -0.2618627861 -0.005136353859
-0.01169654272 0.2246291204 -0.2648425788 -0.007700715097
-0.01148007507 0.2230634187 -0.2677773541 -0.009900126971
-0.01125208115 0.2214136018 -0.2706647948 -0.01159076702
-0.0110127265 0.2196814168 -0.2735026532 -0.01266810584
-0.01076218893 0.2178686585 -0.2762887508 -0.01303580185
-0.01050066042 0.2159771643 -0.2790209768 -0.0125942722
-0.01022834887 0.2140088099 -0.2816972874 -0.01125884496
-0.00994547971 0.2119655044 -0.2843157036 -0.009003754659
-0.009652297283 0.209849187 -0.2868743097 -0.005915695722
-0.009349065864 0.2076618229 -0.2893712505 -0.002233617469
-0.009036070365 0.2054054005 -0.2918047295 0.001647399264
-0.00871361662 0.2030819288 -0.2941730061 0.005220779289
-0.00838203125 0.2006934348 -0.2964743932 0.007958720861
-0.008041661096 0.1982419631 -0.2987072548 0.00942861613
-0.007692872218 0.1957295737 -0.3008700042 0.009404204923
-0.007336048477 0.1931583424 -0.3029611013 0.007937489053
-0.006971589751 0.1905303605 -0.3049790514 0.00536606524
-0.006599909806 0.1878477351 -0.3069224036 0.002248277535
-0.0062214339 0.1851125903 -0.3087897497 -0.000759939122
-0.005836596178 0.1823270678 -0.3105797236 -0.00305438205
-0.00544583692 0.1794933286 -0.3122910012 -0.004217055744
-0.005049599731 0.1766135547 -0.3139223008 -0.004098690335
-0.004648328741 0.1736899502 -0.3154723838 -0.002828116865
-0.004242465875 0.1707247435 -0.3169400562 -0.000750229437
-0.003832448277 0.1677201888 -0.3183241702 0.001683687519
-0.003418705942 0.1646785672 -0.319623627 0.00403624248
-0.003001659608 0.1616021881 -0.3208373792 0.005978109362
-0.002581718953 0.15849339 -0.3219644339 0.00733261986
-0.002159281142 0.155354541 -0.3230038562 0.008067686662
-0.001734729745 0.1521880387 -0.3239547727 0.008250981347
-0.001308434052 0.1489963097 -0.324816375 0.007994533481
-0.0008807487872 0.1457818087 -0.3255879235 0.007413240287
-0.0004520142197 0.142547017 -0.3262687507 0.00661031768
-2.25566687e-05 0.1392944405 -0.3268582645 0.00568752184
0.0004073106346 0.1360266071 -0.3273559514 0.004765964537
0.0008372863541 0.1327460643 -0.3277613788 0.003999289863
0.00126707957 0.1294553755 -0.3280741978 0.00356569836
0.001696408061 0.1261571168 -0.3282941442 0.003635874966
0.002124996411 0.122853873 -0.3284210402 0.004325383256
0.002552573983 0.1195482341 -0.3284547949 0.00564789764
0.002978872839 0.1162427911 -0.3283954042 0.007487110536
0.003403625648 0.1129401323 -0.3282429504 0.009600212985
0.003826563652 0.1096428394 -0.327997601 0.01165659062
0.004247414744 0.1063534839 -0.3276596069 0.01330494959
0.004665901704 0.103074624 -0.3272293006 0.01425354387
0.005081740647 0.0998088015 -0.3267070931 0.01434363196
0.005494639726 0.09655853926 -0.3260934716 0.01359664284
0.005904298121 0.09332633909 -0.3253889957 0.01222065009
0.006310405336 0.09011468002 -0.3245942948 0.01057078934
0.00671264084 0.08692601709 -0.3237100638 0.009069680693
0.007110674034 0.08376278051 -0.3227370604 0.008105362265
0.007504164572 0.08062737535 -0.3216761015 0.007932525816
0.007892762997 0.07752218155 -0.32052806 0.008604730553
0.008276111702 0.07444955427 -0.3192938624 0.009958827274
0.008653846164 0.07141182458 -0.3179744856 0.01165877769
0.009025596443 0.06841130033 -0.3165709551 0.01328822327
0.009390988894 0.06545026717 -0.3150843436 0.01446547592
0.009749648052 0.06253098963 -0.313515769 0.01494690368
0.01010119865 0.05965571222 -0.3118663945 0.01468818509
0.01044526768 0.05682666038 -0.3101374276 0.01384661162
0.01078148655 0.05404604134 -0.3083301205 0.01272657605
0.01110949306 0.05131604473 -0.3064457709 0.01168777135
0.01142893345 0.04863884293 -0.3044857222 0.01104560761
0.01173946409 0.04601659117 -0.3024513655 0.01099328396
0.01204075316 0.0434514273 -0.3003441402 0.01156588906
0.01233248191 0.0409454713 -0.298165536 0.01265259658
0.01261434575 0.03850082437 -0.2959170946 0.01404819924
0.01288605496 0.03611956789 -0.2936004109 0.01552410212
0.01314733516 0.03380376192 -0.2912171349 0.01689433612
0.01339792746 0.03155544353 -0.2887689737 0.01805525945
0.01363758828 0.02937662476 -0.2862576924 0.01898752866
0.013866089 0.02726929036 -0.2836851164 0.01972277739
0.01408321532 0.02523539527 -0.2810531321 0.02029080463
0.01428876644 0.02327686185 -0.2783636887 0.02067110973
0.01448255409 0.02139557691 -0.2756187991 0.02077184368
0.01466440148 0.01959338857 -0.2728205407 0.02044921499
0.01483414211 0.01787210301 -0.2699710563 0.0195643154
0.01499161858 0.01623348113 -0.2670725546 0.01805819914
0.01513668144 0.0146792352 -0.2641273103 0.01601632124
0.0152691881 0.0132110255 -0.261137664 0.0136943245
0.01538900177 0.01183045701 -0.2581060219 0.01148879549
0.01549599059 0.01053907617 -0.2550348556 0.009854966739
0.01559002698 0.009338367756 -0.251926701 0.009191926722
0.01567098708 0.008229751746 -0.2487841575 0.009728267939
0.01573875049 0.007214580381 -0.2456098869 0.01144312306
0.01579320025 0.006294135226 -0.2424066121 0.01404857504
0.01583422294 0.00546962432 -0.2391771156 0.01704227699
0.01586170919 0.004742179382 -0.235924238 0.01981897646
0.01587555427 0.004112853078 -0.2326508765 0.02181251005
0.01587565896 0.00358261633 -0.2293599826 0.02263080626
0.01586193058 0.003152355696 -0.2260545605 0.02214818109
0.01583428416 0.002822870806 -0.2227376645 0.02053114561
0.01579264373 0.002594871869 -0.2194123975 0.01819236127
0.01573694373 0.002468977253 -0.2160819079 0.01568666015
0.01566713037 0.002445711117 -0.2127493876 0.01357757631
0.0155831631 0.002525501103 -0.2094180688 0.01230882249
0.01548501595 0.00270867605 -0.2060912218 0.01211165538
0.0153726789 0.002995463723 -0.2027721521 0.01296791416
0.01524615912 0.003385988538 -0.1994641968 0.01463331604
0.01510548208 0.003880269262 -0.1961707221 0.01671055019
0.01495069256 0.004478216701 -0.1928951195 0.01875053673
0.01478185545 0.005179631369 -0.1896408026 0.02035535498
0.01459905636 0.005984201146 -0.186411203 0.02125847872
0.01440240209 0.006891498947 -0.1832097669 0.02136590632
0.01419202086 0.007900980412 -0.1800399505 0.02075289061
0.01396806234 0.009011981635 -0.1769052158 0.01962207049
0.01373069761 0.01022371695 -0.1738090259 0.0182372196
0.01348011886 0.01153527683 -0.17075484 0.01685111546
0.01321653908 0.01294562589 -0.1677461085 0.01564596325
0.01294019162 0.01445360107 -0.1647862671 0.01470084644
0.01265132961 0.01605791008 -0.1618787315 0.01399353624
0.0123502254 0.01775713005 -0.1590268912 0.01343468747
0.01203716979 0.01954970659 -0.1562341031 0.01292274853
0.01171247129 0.02143395309 -0.1535036855 0.01240053917
0.01137645522 0.02340805049 -0.1508389114 0.01189245471
0.01102946272 0.02547004743 -0.1482430016 0.01150656478
0.01067184966 0.02761786078 -0.145719118 0.01139781907
0.01030398553 0.02984927667 -0.1432703567 0.01170342373
0.009926252148 0.03216195193 -0.1408997411 0.01247357634
0.009539042464 0.03455341606 -0.1386102146 0.01362491128
0.009142759221 0.03702107368 -0.1364046343 0.01493770987
0.008737813703 0.03956220745 -0.1342857634 0.01610273764
0.008324624491 0.04217398158 -0.1322562654 0.01680487019
0.007903616268 0.0448534458 -0.1303186967 0.01681585878
0.007475218685 0.04759753978 -0.1284755013 0.01606406207
0.007039865284 0.05040309813 -0.1267290039 0.01465707815
0.006597992467 0.05326685575 -0.125081405 0.01285068249
0.006150038504 0.05618545362 -0.1235347753 0.01097456695
0.00569644254 0.05915544506 -0.1220910509 0.009508988821
0.005237643599 0.06217330227 -0.1207520292 0.009003726731
0.004774079563 0.06523542315 -0.1195193649 0.009450512357
0.004306186145 0.0683381385 -0.118394567 0.01048626225
0.003834395907 0.07147771926 -0.117378996 0.01152309046
0.003359222346 0.07465038262 -0.1164738092 0.01190832322
0.002882478318 0.07785217451 -0.1156786859 0.01132535363
0.002407485907 0.08107902612 -0.1149910534 0.009683921569
0.001937978774 0.08432706725 -0.1144072098 0.007110592522
0.001477681861 0.08759277303 -0.1139230342 0.003961524089
0.001030250651 0.090872984 -0.1135341851 0.0007382089155
0.0005992658834 0.09416489298 -0.1132361672 -0.002064854441
0.0001882350724 0.09746602347 -0.1130243661 -0.004101508523
-0.0001994069666 0.1007742046 -0.1128940698 -0.005246599241
-0.0005603052026 0.1040875444 -0.1128404757 -0.00559410188
-0.0008912138236 0.1074044014 -0.112858677 -0.005409411896
-0.001189076747 0.1107233565 -0.1129436213 -0.005017491326
-0.001451191695 0.1140431885 -0.1130900525 -0.004610817142
-0.001675464696 0.1173628553 -0.1132924715 -0.004053061576
-0.001860719831 0.1206814874 -0.113545163 -0.003213473926
-0.002006904193 0.123998391 -0.1138423226 -0.002033858455
-0.002115124108 0.1273130564 -0.1141782354 -0.0006617620039
-0.002187495589 0.1306251619 -0.1145474315 0.0005597222508
-0.00222685241 0.1339345729 -0.1149447515 0.001257760605
-0.002236439956 0.1372413345 -0.1153653146 0.001187739513
-0.002219688858 0.1405456571 -0.1158044374 0.0002835093708
-0.00218009743 0.1438478963 -0.1162575629 -0.001385168509
-0.002121179799 0.1471485279 -0.1167202144 -0.003660973558
-0.002046446589 0.1504481211 -0.1171879698 -0.006327512848
-0.001959399043 0.1537473103 -0.1176564503 -0.009118195542
-0.001863527317 0.1570467662 -0.1181213174 -0.01174214338
-0.001762307302 0.1603471649 -0.1185782898 -0.0139325847
-0.001659170842 0.163649146 -0.1190232395 -0.01568622335
-0.001557291255 0.1669532264 -0.1194526179 -0.01701940639
-0.001458427246 0.1702595819 -0.1198648374 -0.01789166757
-0.0013627108 0.1735681219 -0.1202599143 -0.01834587831
-0.001270078062 0.1768787342 -0.1206380023 -0.01876405264
-0.001180465356 0.1801913088 -0.1209992558 -0.01948194835
-0.001093814056 0.1835057388 -0.1213438287 -0.02050253014
-0.001010072984 0.1868219201 -0.1216718743 -0.02147169561
-0.0009292008026 0.1901397517 -0.1219835449 -0.02211431553
-0.0008511683643 0.1934591354 -0.122278992 -0.02214305026
-0.0007759609206 0.1967799756 -0.1225583659 -0.0213609707
-0.0007035800841 0.2001021799 -0.1228218156 -0.01973906727
-0.0006340454652 0.2034256584 -0.1230694889 -0.01744322048
-0.0005673959271 0.2067503238 -0.1233015321 -0.01481397071
-0.0005036904474 0.2100760915 -0.1235180901 -0.01230957618
-0.0004430086063 0.2134028792 -0.1237193065 -0.01042333919
-0.0003854507339 0.216730607 -0.1239053231 -0.009592795203
-0.0003311377377 0.2200591969 -0.12407628 -0.01011890025
-0.0002802106115 0.2233885732 -0.1242323152 -0.01209862033
-0.0002328296084 0.226718662 -0.1243735641 -0.01536323278
-0.0001891730661 0.230049391 -0.1245001591 -0.01942762485
-0.0001494359036 0.2333806893 -0.1246122293 -0.02348248387
-0.0001138278407 0.2367124877 -0.1247099003 -0.02647306127
-8.25714304e-05 0.2400447176 -0.124793293 -0.02729222887
-5.590001082e-05 0.2433773117 -0.1248625245 -0.02508483221
-3.405568659e-05 0.2467102031 -0.1249177066 -0.01963495877
-1.728744638e-05 0.2500433257 -0.1249589465 -0.01179138559
-5.849510978e-06 0.2533766133 -0.1249863456 -0.003872620562
0 0.25671 -0.125 0
0 0.25999 -0.125 0
0 -0.02 -0.125 0
0 -0.01671 -0.125 0.008112599533
5.556567014e-06 -0.01337661415 -0.1249859086 0.02225002324
1.638500301e-05 -0.01004333103 -0.1249576743 0.03257170679
3.220349987e-05 -0.006710218389 -0.1249152391 0.03528678208
5.273415548e-05 -0.003377343577 -0.1248585393 0.03111102118
7.770444366e-05 -4.47737797e-05 -0.1247875043 0.02325025963
0.0001068490574 0.003287423751 -0.1247020576 0.01542705474
0.0001399120396 0.006619181453 -0.1246021157 0.01047401175
0.0001766491107 0.009950431191 -0.1244875886 0.009678323224
0.0002168300966 0.01328110399 -0.1243583794 0.0127293327
0.0002602413571 0.01661112976 -0.1242143844 0.01805176619
0.0003066881163 0.01994043701 -0.1240554929 0.02342966555
0.0003559965951 0.02326895259 -0.1238815875 0.02686521204
0.0004080158531 0.02659660143 -0.1236925441 0.027437417
0.0004626192573 0.02992330627 -0.1234882321 0.02572006754
0.000519705509 0.03324898743 -0.1232685147 0.02341271973
0.0005791991789 0.03657356262 -0.1230332494 0.02229893954
0.0006410507249 0.03989694672 -0.1227822877 0.02313842696
0.0007052359908 0.0432190516 -0.1225154764 0.02519417257
0.0007717552101 0.04653978603 -0.1222326575 0.02668354341
0.0008406315616 0.04985905553 -0.1219336688 0.02583476434
0.0009119093441 0.05317676228 -0.1216183447 0.02187821359
0.0009856518508 0.05649280507 -0.1212865168 0.01543209836
0.001061939025 0.05980707923 -0.120938014 0.008192268048
0.001140864962 0.0631194766 -0.1205726634 0.002198622281
0.001222535295 0.06642988549 -0.1201902902 -0.001178917802
0.001307064487 0.06973819069 -0.1197907185 -0.00189695684
0.001394567081 0.07304427431 -0.1193737746 -0.0007171117955
0.00148486617 0.07634805287 -0.1189395084 0.001336462195
0.001575942907 0.07964976565 -0.118489958 0.003287545239
0.001664626293 0.08294996043 -0.1180289252 0.004345451009
0.0017475587 0.08624928995 -0.1175606843 0.004188532631
0.00182135353 0.0895484356 -0.1170896292 0.002905545071
0.001882614156 0.09284806864 -0.1166202 0.0009017008629
0.001927935504 0.09614881984 -0.116156872 -0.001237041291
0.00195390539 0.09945125055 -0.1157041589 -0.002888407794
0.001957111067 0.1027558247 -0.1152666264 -0.003539654508
0.001934160756 0.106062882 -0.1148489186 -0.0029334286
0.001881741282 0.1093726137 -0.1144558054 -0.001157384787
0.001796746749 0.112685043 -0.1140922537 0.001420818004
0.001676511713 0.1160000113 -0.1137634999 0.004373222149
0.001519142352 0.1193171732 -0.1134750716 0.007475248749
0.001323785784 0.1226359951 -0.1132327023 0.01047378083
0.001090755044 0.1259557615 -0.1130421676 0.01303173859
0.0008214659286 0.1292755815 -0.1129091114 0.01471647967
0.0005182039871 0.1325943922 -0.1128389371 0.01513459497
0.0001838318643 0.1359109503 -0.1128367932 0.01409380203
-0.0001784607816 0.1392238134 -0.1129076257 0.01166498559
-0.0005653087613 0.1425313144 -0.1130562396 0.008155595095
-0.000973243611 0.1458315332 -0.1132873393 0.004071834518
-0.001398719519 0.1491222685 -0.1136055402 5.160594995e-05
-0.001838119581 0.1524010104 -0.114015361 -0.003255217781
-0.002287755752 0.1556649159 -0.1145212004 -0.005370850384
-0.002743868881 0.1589107867 -0.1151272986 -0.006175642129
-0.003202639044 0.1621350593 -0.1158376602 -0.005841002354
-0.003660275551 0.1653338351 -0.1166558108 -0.004446918296
-0.004113546298 0.1685030536 -0.1175840024 -0.002390024264
-0.004560849117 0.1716387939 -0.1186222625 -0.0004150024219
-0.005001661218 0.174737269 -0.1197694617 0.0007201829193
-0.005435505367 0.1777947362 -0.1210242926 0.0005668489322
-0.005861906978 0.1808075057 -0.1223852952 -0.0009173936688
-0.006280396038 0.1837719481 -0.1238508577 -0.003152291814
-0.006690509114 0.1866845033 -0.1254192181 -0.005478727128
-0.00709179137 0.1895416887 -0.1270884661 -0.00761531294
-0.007483798556 0.1923401075 -0.1288565466 -0.009292219838
-0.00786609891 0.1950764566 -0.130721263 -0.01031501965
-0.008238274983 0.1977475347 -0.1326802821 -0.01062306662
-0.008599925382 0.2003502497 -0.1347311395 -0.01031068103
-0.008950666394 0.2028816251 -0.1368712457 -0.009604611746
-0.009290133465 0.205338807 -0.1390978932 -0.008805317991
-0.00961798244 0.2077190691 -0.1414082637 -0.008210375047
-0.009933890521 0.2100198174 -0.1437994369 -0.008042547657
-0.01023755689 0.2122385942 -0.1462683986 -0.00840192564
-0.01052870301 0.2143730806 -0.1488120502 -0.009252769654
-0.01080707269 0.2164210985 -0.1514272179 -0.01044477208
-0.01107243188 0.2183806115 -0.1541106615 -0.0117589127
-0.01132456848 0.2202497246 -0.1568590841 -0.01296269107
-0.01156329192 0.2220266837 -0.1596691408 -0.01385935113
-0.01178843285 0.2237098742 -0.1625374471 -0.01432007233
-0.01199984266 0.2252978183 -0.165460587 -0.01429489667
-0.01219739306 0.226789173 -0.1684351206 -0.01380483428
-0.01238097559 0.2281827268 -0.1714575913 -0.0129221204
-0.01255050111 0.229477396 -0.1745245318 -0.01174714392
-0.01270589926 0.2306722217 -0.1776324704 -0.0103894126
-0.01284711804 0.2317663656 -0.1807779358 -0.008956959294
-0.0129741232 0.2327591071 -0.1839574622 -0.007554805979
-0.01308689782 0.2336498393 -0.1871675928 -0.006289395746
-0.01318544168 0.234438066 -0.1904048842 -0.00527318945
-0.01326977065 0.2351233989 -0.1936659088 -0.004622834375
-0.01333991596 0.2357055548 -0.1969472582 -0.004446099754
-0.01339592332 0.2361843535 -0.2002455458 -0.004817016963
-0.01343785198 0.2365597154 -0.2035574088 -0.005744215229
-0.01346577355 0.2368316603 -0.206879511 -0.007142318238
-0.01347977085 0.2370003055 -0.2102085446 -0.008818375291
-0.01347993655 0.2370658648 -0.2135412324 -0.01048332623
-0.01346637185 0.2370286476 -0.2168743304 -0.01179249776
-0.01343918517 0.2368890581 -0.2202046293 -0.01241059362
-0.01339849072 0.236647594 -0.2235289577 -0.0120880521
-0.01334440733 0.2363048465 -0.2268441837 -0.01072975564
-0.01327705725 0.2358614989 -0.230147218 -0.008436124038
-0.0131965651 0.2353183261 -0.2334350162 -0.005501661655
-0.01310305702 0.2346761929 -0.2367045817 -0.002366422776
-0.01299666005 0.2339360534 -0.2399529682 0.0004708792776
-0.01287750163 0.2330989488 -0.2431772825 0.002557230012
-0.01274570952 0.2321660053 -0.2463746874 0.003579533818
-0.01260141187 0.2311384325 -0.2495424039 0.003422935526
-0.01244473767 0.2300175199 -0.2526777138 0.002178163751
-0.01227581738 0.2288046345 -0.2557779622 9.90775965e-05
-0.01209478392 0.2275012169 -0.2588405591 -0.002472441141
-0.01190177392 0.2261087777 -0.2618629812 -0.005187625034
-0.01169692908 0.2246288935 -0.2648427734 -0.00775206834
-0.01148039786 0.2230632022 -0.2677775495 -0.009951525959
-0.01125233718 0.2214133989 -0.2706649928 -0.01164219073
-0.01101291436 0.2196812306 -0.2735028557 -0.01271954829
-0.01076230887 0.2178684918 -0.2762889598 -0.01308727139
-0.01050071432 0.2159770196 -0.2790211948 -0.01264579047
-0.01022834007 0.2140086893 -0.2816975167 -0.01131044547
-0.009945412859 0.2119654097 -0.284315947 -0.009055481046
-0.009652178124 0.2098491196 -0.2868745697 -0.005967599833
-0.009348900999 0.2076617838 -0.2893715297 -0.002285757251
-0.009035866999 0.2054053902 -0.2918050305 0.001594961943
-0.008713382298 0.2030819472 -0.2941733311 0.005167980834
-0.008381773596 0.2006934816 -0.2964747442 0.007905498082
-0.008041387559 0.1982420372 -0.2987076335 0.009374908255
-0.007692589836 0.1957296737 -0.3008704117 0.009349955421
-0.007335763673 0.1931584666 -0.302961538 0.007882647223
-0.006971308156 0.1905305066 -0.3049795172 0.005310587521
-0.006599636129 0.1878479006 -0.3069228977 0.002192128496
-0.006221171834 0.1851127724 -0.3087902704 -0.0008167861154
-0.005836348348 0.1823272636 -0.3105802687 -0.003111944506
-0.005445604877 0.1794935352 -0.3122915678 -0.004275342042
-0.005049383985 0.1766137691 -0.3139228852 -0.004157700022
-0.00464812882 0.1736901696 -0.3154729819 -0.002887841232
-0.004242280422 0.1707249655 -0.3169406632 -0.0008106523323
-0.003832275175 0.1677204109 -0.3183247812 0.001622588664
-0.003418542452 0.1646787874 -0.3196242367 0.003974495448
-0.003001502527 0.1616024047 -0.320837982 0.005915745795
-0.002581564788 0.1584936017 -0.3219650243 0.007269673792
-0.00215912629 0.1553547468 -0.3230044286 0.008004192955
-0.001734570684 0.1521882381 -0.3239553218 0.008186974076
-0.001308267526 0.1489965025 -0.3248168958 0.00793004431
-0.0008805719892 0.1457819949 -0.3255884113 0.007348296877
-0.0004518249726 0.1425471971 -0.3262692014 0.006544942191
-2.235358128e-05 0.1392946151 -0.3268586746 0.005621729581
0.0004075280284 0.136026777 -0.3273563182 0.004699762829
0.0008375174846 0.1327462304 -0.3277617004 0.003932677156
0.001267322753 0.1294555387 -0.3280744729 0.003498663666
0.001696660461 0.126157278 -0.3282943723 0.003568397631
0.002125254034 0.1228540331 -0.3284212218 0.004257433105
0.002552831725 0.1195483937 -0.328454931 0.00557943549
0.002979124568 0.1162429508 -0.3283954967 0.00741808909
0.003403864329 0.1129402922 -0.3282430017 0.009530578077
0.003826781517 0.1096429994 -0.3279976139 0.01158628279
0.004247603491 0.1063536438 -0.3276595848 0.01323390596
0.004666052732 0.1030747832 -0.3272292472 0.01418170021
0.005081845317 0.09980895913 -0.3267070124 0.01427092503
0.005494689637 0.09655869432 -0.3260933675 0.01352301274
0.005904285396 0.09332649039 -0.3253888725 0.01214604269
0.006310322914 0.09011482626 -0.3245941563 0.01049515866
0.006712482751 0.0869261569 -0.323709914 0.008992991141
0.007110435664 0.08376291256 -0.3227369029 0.008027590699
0.007503842888 0.08062749837 -0.3216759397 0.007853663297
0.007892356749 0.07752229438 -0.3205278972 0.00852478379
0.008275621573 0.07444965593 -0.3192937013 0.009877819708
0.008653274879 0.07141191432 -0.3179743287 0.01157675018
0.009024948828 0.06841137764 -0.3165708046 0.01320523438
0.009390271879 0.06545033178 -0.3150842012 0.01438160179
0.00974887063 0.06253104155 -0.3135156365 0.01486223748
0.01010037177 0.05965575169 -0.3118662731 0.01460283602
0.01044440412 0.05682668783 -0.3101373186 0.0137607035
0.01078060067 0.05404605736 -0.308330025 0.01264024543
0.0111086006 0.05131604995 -0.3064456898 0.01160116522
0.01142805114 0.048638838 -0.3044856566 0.01095888065
0.01173860938 0.04601657665 -0.3024513165 0.01090659541
0.01203994373 0.04345140363 -0.3003441088 0.01147939923
0.01233173529 0.0409454387 -0.2981655233 0.01256646322
0.01261367884 0.03850078287 -0.2959171016 0.0139625737
0.01288548358 0.03611951729 -0.2936004384 0.01543912556
0.01314687359 0.03380370182 -0.2912171837 0.01681013586
0.01339758801 0.03155537336 -0.2887690443 0.01797194557
0.01363738095 0.02937654384 -0.286257785 0.01890519098
0.01386602113 0.02726919795 -0.2836852307 0.01964148301
0.01408329136 0.02523529066 -0.2810532678 0.02021059593
0.01428898777 0.02327674436 -0.2783638449 0.02059200308
0.01448291896 0.021395446 -0.2756189746 0.02069382875
0.01466490495 0.01959324388 -0.2728207341 0.0203722548
0.01483477616 0.01787194438 -0.2699712659 0.01948834693
0.01499237226 0.01623330872 -0.2670727786 0.01798313471
0.01513754109 0.01467904947 -0.2641275466 0.01594205043
0.0152701376 0.01321082729 -0.2611379104 0.01362071662
0.01539002291 0.0118302476 -0.2581062763 0.01141570258
0.01549706345 0.01053885727 -0.2550351159 0.009782226923
0.01559113036 0.009338141527 -0.2519269651 0.009119367942
0.01567209895 0.008229520791 -0.2487844235 0.009655711877
0.01573984846 0.007214347686 -0.2456101532 0.01137038924
0.01579426202 0.006293904082 -0.2424068773 0.01397548498
0.01583522684 0.005469398216 -0.2391773789 0.01696865836
0.01586263459 0.004741961874 -0.2359244988 0.01974466716
0.01587638206 0.004112647637 -0.2326511346 0.02173736207
0.01587637197 0.003582426196 -0.2293602383 0.02255468938
0.01586251394 0.003152183737 -0.2260548144 0.02207098615
0.01583472565 0.002822719405 -0.2227379176 0.02045278737
0.01579293404 0.002594742841 -0.219412651 0.01811278078
0.01573707663 0.002468871798 -0.2160821633 0.01560582648
0.01566710288 0.002445629817 -0.2127496461 0.01349548767
0.01558297548 0.002525443951 -0.209418332 0.01222550668
0.0154846717 0.002708642505 -0.206091491 0.01202716956
0.01537218465 0.002995452786 -0.2027724284 0.0128823439
0.01524552443 0.003385998842 -0.199464481 0.0145467737
0.01510471919 0.003880299168 -0.1961710148 0.01662317265
0.01494981607 0.004478264404 -0.1928954208 0.01866248241
0.01478088192 0.005179694995 -0.1896411124 0.02026680032
0.01459800391 0.005984278856 -0.1864115209 0.02116961419
0.0144012899 0.006891589033 -0.183210092 0.021276932
0.0141908687 0.00790108137 -0.1800402818 0.02066401166
0.01396689006 0.009012092229 -0.176905552 0.01953349249
0.01372952468 0.01022383625 -0.1738093656 0.01814914413
0.01347896393 0.01153540422 -0.1707551818 0.01676373594
0.0132154196 0.01294576105 -0.1677464509 0.01555946116
0.01293912348 0.01445374399 -0.1647866087 0.01461538811
0.01265032688 0.01605806099 -0.1618790712 0.01390927016
0.0123493001 0.01775728941 -0.1590272277 0.01335174214
0.01203633177 0.01954987502 -0.1562344358 0.01284123091
0.0117117281 0.02143413133 -0.1535040138 0.01232053366
0.0113758121 0.02340823936 -0.1508392351 0.01181402263
0.01102892256 0.02547024772 -0.1482433207 0.01142974439
0.01067141312 0.02761807323 -0.1457194329 0.01132262601
0.01030365109 0.02984950185 -0.1432706681 0.01162985205
0.009926016314 0.03216219021 -0.1409000497 0.01240160001
0.009538899904 0.03455366755 -0.1386105214 0.01355448618
0.009142703044 0.03702133816 -0.1364049403 0.01486877633
0.008737835727 0.03956248441 -0.1342860697 0.01603522335
0.00832471555 0.04217427017 -0.1322565728 0.01673869351
0.007903766548 0.04485374488 -0.130319006 0.01675093223
0.00747541806 0.04759784793 -0.1284758129 0.0160002959
0.007040103654 0.05040341369 -0.126729318 0.01459438379
0.006598260065 0.05326717685 -0.1250817212 0.01278897564
0.006150326158 0.05618577827 -0.1235350927 0.01091377014
0.005696741867 0.05915577118 -0.122091368 0.009449033171
0.005237947138 0.06217362778 -0.1207523439 0.008944553175
0.004774380867 0.06523574605 -0.1195196744 0.009392072732
0.004306479908 0.06833845688 -0.1183948677 0.01042852089
0.003834678131 0.07147803136 -0.1173792833 0.01146602753
0.003359490707 0.07465068685 -0.1164740768 0.01185194885
0.002882733622 0.07785246932 -0.1156789242 0.01126970912
0.002407730001 0.08107931045 -0.1149912512 0.009629057212
0.00193821275 0.0843273409 -0.1144073574 0.007056554577
0.001477905775 0.08759303655 -0.1139231243 0.003908351828
0.001030463531 0.0908732384 -0.1135342129 0.0006859334058
0.0005994657064 0.09416513955 -0.1132361298 -0.00211621145
0.0001884187101 0.09746626359 -0.113024263 -0.004151935417
-0.0001992437864 0.1007744396 -0.1128939025 -0.005296094885
-0.0005601678956 0.1040877754 -0.1128402477 -0.005642675502
-0.0008911088609 0.1074046291 -0.1128583937 -0.005457082452
-0.0011890114 0.1107235817 -0.1129432904 -0.005064286228
-0.001451173582 0.1140434113 -0.1130896839 -0.004656769936
-0.00167550107 0.1173630759 -0.1132920776 -0.004098208753
-0.001860817018 0.1206817051 -0.1135447584 -0.00325785112
-0.002007067272 0.1239986051 -0.1138419237 -0.002077496223
-0.002115356835 0.1273132655 -0.1141778602 -0.0007046816533
-0.002187800454 0.1306253644 -0.1145470988 0.0005175120574
-0.002227230717 0.1339347669 -0.1149444803 0.001216265956
-0.002236891851 0.1372415179 -0.1153651233 0.001146981786
-0.002220213422 0.1405458277 -0.1158043435 0.0002435244409
-0.002180692757 0.143848052 -0.1162575822 -0.001424331958
-0.002121843042 0.1471486667 -0.1167203607 -0.003699256393
-0.002047173976 0.1504482415 -0.1171882549 -0.006364848347
-0.001960185848 0.153747411 -0.1176568835 -0.009154512648
-0.001864367805 0.1570468463 -0.1181219057 -0.01177737029
-0.001763194621 0.1603472241 -0.1185790379 -0.0139666531
-0.001660097109 0.1636491844 -0.1190241493 -0.01571907555
-0.001558248729 0.1669532449 -0.1194536863 -0.0170510143
-0.001459412347 0.1702595827 -0.1198660523 -0.01792203074
-0.001363720219 0.1735681076 -0.1202612596 -0.01837500076
-0.001271107576 0.1768787074 -0.1206394596 -0.01879194041
-0.001181509754 0.1801912722 -0.1210008047 -0.01950860925
-0.001094867168 0.1835056949 -0.1213454477 -0.02052797346
-0.001011127794 0.1868218713 -0.1216735411 -0.02149593174
-0.0009302496118 0.1901397002 -0.1219852371 -0.02213735563
-0.0008522029527 0.193459083 -0.1222806874 -0.02216490595
-0.0007769727159 0.196779924 -0.122560043 -0.02138165379
-0.0007045603596 0.2001021305 -0.1228234541 -0.01975858941
-0.0006349855784 0.2034256122 -0.1230710698 -0.01746159288
-0.0005682875968 0.2067502816 -0.1233030382 -0.0148312037
-0.0005045260497 0.2100760539 -0.1235195063 -0.01232567886
-0.0004437814544 0.2134028465 -0.1237206198 -0.01043831911
-0.0003861553093 0.2167305791 -0.1239065228 -0.009606658061
-0.0003317698544 0.2200591739 -0.1240773579 -0.01013164973
-0.0002807675161 0.2233885549 -0.1242332658 -0.01211025793
-0.0002333100373 0.2267186478 -0.1243743847 -0.01537375768
-0.0001895772879 0.2300493805 -0.1245008498 -0.01943703372
-0.0001497657615 0.233380682 -0.1246127932 -0.02349077074
-0.0001140868002 0.236712483 -0.1247103431 -0.02648021727
-8.276462034e-05 0.2400447149 -0.1247936236 -0.02729824206
-5.603424675e-05 0.2433773104 -0.1248627544 -0.02508968739
-3.413947143e-05 0.2467102027 -0.1249178503 -0.01963863731
-1.733095135e-05 0.2500433257 -0.1249590212 -0.01179386527
-5.864548335e-06 0.2533766134 -0.1249863714 -0.003873875377
0 0.25671 -0.125 0
0 0.25999 -0.125 0
