0 -0.01999 -0.125 0
0 -0.0167 -0.125 -0.004550341306
-4.154887539e-05 -0.01257323051 -0.1251266163 -0.01058110071
-0.0001083081002 -0.009229982873 -0.1253329174 -0.0144635953
-0.0002045581411 -0.005877543812 -0.1256337703 -0.0179994442
-0.0003295052648 -0.002532137622 -0.1260288767 -0.02113603761
-0.0004825630375 0.0008032739023 -0.1265185839 -0.02385942612
-0.0006630967423 0.004124867941 -0.1271030931 -0.02617993495
-0.0008705332676 0.007430110297 -0.1277828108 -0.02812553745
-0.001104273565 0.01071585048 -0.1285580688 -0.02973673297
-0.001363595526 0.01397744967 -0.1294287922 -0.03106513196
-0.001647918991 0.01721231765 -0.1303953804 -0.03217202058
-0.001956585652 0.02041685863 -0.1314579793 -0.03312696027
-0.002288833367 0.02358661866 -0.1326163796 -0.03400691125
-0.002644019661 0.02671849764 -0.1338707959 -0.03489379935
-0.003021410461 0.02980862313 -0.1352211445 -0.03586017926
-0.003420141674 0.03285232395 -0.1366668976 -0.03691262952
-0.003839532908 0.03584656438 -0.138208229 -0.03797416341
-0.004278133731 0.0387870366 -0.1398442666 -0.03900848529
-0.004732195804 0.04167092569 -0.141572537 -0.03999077981
-0.005194861007 0.04449925077 -0.1433882937 -0.0408104258
-0.005656883509 0.04727478686 -0.1452834714 -0.04142147197
-0.006108102391 0.05000187362 -0.1472482328 -0.04188610333
-0.00653847884 0.0526878106 -0.1492735551 -0.04220441436
-0.006937776636 0.05533941181 -0.1513495333 -0.04226323356
-0.007295752626 0.05796362083 -0.1534660329 -0.04193625311
-0.007602284683 0.0605682054 -0.1556133771 -0.04115193486
-0.007847331482 0.0631611223 -0.1577817977 -0.03989093101
-0.008021022388 0.06574938577 -0.1599602648 -0.03816862595
-0.008114110277 0.0683411054 -0.1621380133 -0.03602558291
-0.008118155682 0.07094409763 -0.1643032523 -0.03351289113
-0.008025958555 0.07356549749 -0.1664428318 -0.03068089423
-0.007832032835 0.07621244836 -0.1685429431 -0.02758324735
-0.007533030927 0.07889192437 -0.1705892039 -0.02427458635
-0.00712815171 0.08160953334 -0.1725661542 -0.02080630007
-0.006619491635 0.08436887254 -0.174457452 -0.0172183863
-0.006011698127 0.08717381605 -0.1762480737 -0.01353787187
-0.005312245336 0.09002597055 -0.177923018 -0.009784097129
-0.004530703967 0.09292688905 -0.1794691312 -0.005979505563
-0.003678812087 0.09587652383 -0.1808744938 -0.002163247611
-0.002770221531 0.09887316967 -0.1821288297 0.001606093802
-0.001819453241 0.1019157006 -0.183224643 0.005253512705
-0.0008418523069 0.1050024115 -0.1841565902 0.008688763989
0.0001455009207 0.1081271174 -0.1849206371 0.01181749295
0.00112709329 0.1112884124 -0.1855166188 0.01454807408
0.002086223975 0.1144799048 -0.1859456668 0.01679946946
0.003007773289 0.1176980878 -0.186211777 0.0185054044
0.003876997533 0.120937538 -0.1863208184 0.01961767904
0.004680895387 0.1241949718 -0.1862806463 0.02010848224
0.005407623313 0.1274667218 -0.1861006295 0.01997191574
0.006046415646 0.1307468746 -0.1857918356 0.01922569469
0.006588932678 0.1340324346 -0.1853665332 0.01790784407
0.007028565127 0.1373190602 -0.1848382747 0.01607845119
0.007361033609 0.1406035351 -0.1842213949 0.01381900584
0.007584367198 0.1438847945 -0.1835303752 0.01122728659
0.007698584482 0.1471588468 -0.1827806106 0.008410892313
0.007706222941 0.1504260716 -0.1819865205 0.005480363442
0.007612007955 0.153685393 -0.1811624642 0.002543710143
0.007422754396 0.1569378913 -0.1803215811 -0.0003074286547
0.007147163421 0.1601846543 -0.1794760293 -0.003003551583
0.006795791915 0.1634261872 -0.1786368634 -0.005500052619
0.006380559849 0.1666650378 -0.1778130849 -0.007778686135
0.0059145617 0.1699040509 -0.1770119394 -0.009846871066
0.005411839009 0.1731459883 -0.1762388883 -0.01173497639
0.004887278903 0.1763925774 -0.1754976808 -0.01349251954
0.00435609507 0.1796459106 -0.1747899157 -0.0151812905
0.003833587494 0.1829079272 -0.1741151397 -0.01687134331
0.003334910279 0.1861799916 -0.1734709518 -0.01863553207
0.002874708597 0.1894634562 -0.1728529515 -0.02053727621
0.002467215839 0.1927570013 -0.1722553219 -0.02262043845
0.002125200957 0.1960625214 -0.171669816 -0.02490303001
0.001860719104 0.1993759179 -0.1710874685 -0.02737339269
0.001683862611 0.2026946993 -0.1704973815 -0.02999386324
0.001602850542 0.2060136836 -0.1698877181 -0.03270236491
0.001623558322 0.2093260398 -0.1692458584 -0.03541828632
0.001749443503 0.2126271136 -0.1685580201 -0.03805081525
0.001981467573 0.2159084189 -0.1678108104 -0.04050491144
0.002317974726 0.2191612653 -0.1669909985 -0.04268888053
0.002754840377 0.2223773319 -0.166085748 -0.04452178455
0.00328555628 0.2255470563 -0.1650833837 -0.04594697476
0.003902147654 0.2286620118 -0.163972819 -0.04693150468
0.004595892505 0.2317143563 -0.1627434118 -0.04745639662
0.005356945879 0.2346936303 -0.1613861667 -0.04751024735
0.006175268126 0.2375904153 -0.1598923565 -0.04707698489
0.007040645228 0.2403954332 -0.1582536056 -0.04612049463
0.007941531731 0.2430958118 -0.1564642018 -0.04457795657
0.008865755646 0.2456779266 -0.1545201889 -0.04239127716
0.009801172689 0.2481290724 -0.1524183203 -0.03958580918
0.01073485141 0.2504351277 -0.1501584333 -0.03632435448
0.01165417389 0.2525832112 -0.1477422305 -0.03284478334
0.01254702113 0.2545610769 -0.1451751422 -0.029333454
0.01340341495 0.2563588834 -0.1424661763 -0.02583426073
0.01421655438 0.2579692789 -0.1396284772 -0.02227344445
0.0149829542 0.2593881227 -0.1366756508 -0.01862167325
0.01569998323 0.2606120347 -0.1336230367 -0.0149732391
0.01636561593 0.2616391674 -0.1304853338 -0.01145125917
0.0169781063 0.2624686986 -0.1272775463 -0.008094363404
0.01753599286 0.2631009072 -0.1240151375 -0.004803132705
0.01803875732 0.2635377625 -0.1207097374 -0.001371040457
0.01848561117 0.2637815271 -0.1173761743 0.002376954287
0.01887647137 0.2638356915 -0.1140262976 0.006445013763
0.01921141834 0.2637044438 -0.1106723768 0.01068254978
0.01949100927 0.2633924926 -0.1073238155 0.0149518388
0.01971574171 0.2629053994 -0.1039928524 0.01919790987
0.01988666857 0.262248608 -0.1006864239 0.023387565
0.02000478224 0.2614284852 -0.09741449513 0.02749071143
0.02007136288 0.2604512441 -0.09418402597 0.03148200547
0.02008779101 0.2593237611 -0.09100285264 0.03534127123
0.02005557092 0.2580520462 -0.08787535783 0.0390515249
0.01997634434 0.2566440185 -0.0848098076 0.0426009184
0.01985170099 0.255104925 -0.08180774648 0.0459820758
0.01968338416 0.253442032 -0.07887474676 0.04918871362
0.01947320921 0.2516623921 -0.07601513348 0.05221891403
0.01922287059 0.249771722 -0.0732307351 0.05507344247
0.01893411746 0.2477761476 -0.07052397127 0.05775356921
0.01860885934 0.2456826597 -0.06789809604 0.06026250633
0.01824870628 0.2434961587 -0.06535348986 0.06260478734
0.01785538474 0.2412223092 -0.06289150767 0.06478321403
0.01743125783 0.2388701641 -0.06051666609 0.06680304683
0.01697729212 0.2364409003 -0.05822527703 0.06867058199
0.01649526329 0.2339403235 -0.05601857355 0.07039000314
0.01598692917 0.2313740296 -0.0538973632 0.071966555
0.01545345708 0.2287446485 -0.05186002303 0.0734053612
0.01489661823 0.2260578487 -0.04990741396 0.07471154594
0.01431764411 0.2233166576 -0.04803838584 0.07589088964
0.0137180499 0.2205254871 -0.04625282443 0.07694975894
0.01309891838 0.2176867522 -0.04454937214 0.07789509418
0.01246188555 0.2148054272 -0.04292826321 0.07873477348
0.01180789471 0.2118833439 -0.04138793127 0.07947775728
0.01113832123 0.2089243093 -0.0399279752 0.08013380243
0.0104543191 0.2059311481 -0.03854749203 0.08071371326
0.009756994296 0.202906495 -0.03724554839 0.08122914076
0.009047270034 0.199852219 -0.03602096972 0.08169230362
0.008326257921 0.1967710245 -0.03487300607 0.08211569273
0.007595151039 0.1936659659 -0.03380103926 0.08251202159
0.006854499517 0.1905373864 -0.03280359279 0.08289367666
0.006105746003 0.1873894195 -0.03188049315 0.08327243577
0.0053493169 0.1842219283 -0.03103031841 0.08365913508
0.004586658984 0.1810390673 -0.03025290113 0.08406331302
0.003818019409 0.1778399881 -0.02954686617 0.08449300516
0.003044578655 0.1746277469 -0.02891186412 0.08495411478
0.00226744627 0.1714051022 -0.02834742786 0.0854507464
0.001486764151 0.1681708086 -0.02785247929 0.08598476023
0.0007039519892 0.1649289224 -0.02742688073 0.08655555346
-8.0364381e-05 0.1616802146 -0.02707000595 0.08716062233
-0.000865650073 0.1584250824 -0.02678131625 0.08779520868
-0.001650826242 0.1551661786 -0.02656054491 0.0884524318
-0.002434899901 0.1519058074 -0.02640736395 0.08912414425
-0.003217728444 0.1486427356 -0.0263213682 0.08980079609
-0.003998056607 0.1453803584 -0.02630240008 0.09047151883
-0.004774882682 0.1421210305 -0.02635021441 0.09112543298
-0.005548119422 0.1388632636 -0.02646471132 0.09175068961
-0.006314617838 0.1356185066 -0.02664522353 0.09233681046
-0.007076520695 0.1323758476 -0.02689223799 0.09287476286
-0.007832889201 0.1291373249 -0.02720591549 0.09335539667
-0.008582910991 0.12590443 -0.02758648452 0.09377105113
-0.009325847141 0.1226783205 -0.02803426846 0.09411578432
-0.0100610492 0.1194597284 -0.02854973935 0.0943854743
-0.010787595 0.1162505528 -0.02913326168 0.09457799915
-0.01150464555 0.1130523101 -0.02978530226 0.09469335045
-0.01221150711 0.1098658321 -0.03050654856 0.09473352396
-0.01290712043 0.1066935622 -0.03129739437 0.09470247345
-0.01359064859 0.1035369186 -0.03215850915 0.09460588783
-0.01426138858 0.1003966396 -0.03309085873 0.09445093417
-0.01491817041 0.09727559745 -0.0340948599 0.0942460288
-0.01556002961 0.09417568731 -0.03517124149 0.09400036481
-0.01618624147 0.09109756882 -0.03632127696 0.09372365745
-0.01679540771 0.08804515297 -0.03754510704 0.09342581351
-0.01738653896 0.08502033164 -0.0388436357 0.09311635256
-0.01795871252 0.08202455911 -0.04021807918 0.09280423388
-0.01851070916 0.07906074853 -0.04166909675 0.09249764761
-0.01904118977 0.07613246188 -0.04319701765 0.0922035914
-0.0195492232 0.07324095082 -0.04480343807 0.09192783271
-0.02003325641 0.07039090703 -0.04648814505 0.09167483991
-0.0204921703 0.06758450612 -0.04825236752 0.09144765636
-0.02092457927 0.0648254212 -0.05009651638 0.0912480996
-0.02132907907 0.06211743963 -0.05202092549 0.09107681428
-0.02170426 0.0594643707 -0.05402592157 0.09093343865
-0.02204878844 0.05686937899 -0.05611239981 0.09081686384
-0.02236107153 0.0543374901 -0.05827982251 0.09072545854
-0.0226396017 0.05187317877 -0.06052802456 0.09065722482
-0.0228828787 0.04948083404 -0.06285692977 0.09061000542
-0.02308933633 0.04716547158 -0.06526586196 0.09058161136
-0.02325740035 0.04493235157 -0.06775381583 0.09056986809
-0.02338554584 0.04278607515 -0.07032052038 0.09057257359
-0.02347215171 0.04073288351 -0.07296373283 0.09058740012
-0.02351566865 0.03877850259 -0.07568161152 0.09061167532
-0.02351456556 0.03692841404 -0.07847258775 0.09064208321
-0.02346734949 0.03518949982 -0.08133278698 0.09067436749
-0.02337256381 0.03356735136 -0.08426009002 0.09070291604
-0.02322879906 0.03206831177 -0.08725100227 0.09072037994
-0.02303478382 0.03069924998 -0.09030053036 0.09071734117
-0.02278935308 0.02946675296 -0.09340356256 0.09068201388
-0.02249139424 0.02837709069 -0.09655519582 0.09060001477
-0.02213998692 0.02743680012 -0.09974914637 0.0904543214
-0.02173445133 0.02665239429 -0.1029779472 0.09022528945
-0.02127392991 0.0260296358 -0.1062361534 0.0898909281
-0.02075852377 0.02557509312 -0.1095122724 0.08942756754
-0.02018800054 0.02529408758 -0.1127983747 0.08879298662
-0.01956227135 0.02519177646 -0.1160860512 0.08786665747
-0.01888218046 0.02527296174 -0.1193627575 0.08651184137
-0.01814872234 0.0255415554 -0.1226165603 0.08473829359
-0.01736240765 0.02600122142 -0.1258383253 0.08272569144
-0.01652552545 0.02665413748 -0.1290123242 0.08070316654
-0.01563986591 0.02750197451 -0.1321261259 0.07881168945
-0.01470746655 0.02854574132 -0.1351671154 0.0770717199
-0.01373166124 0.02978440168 -0.1381194148 0.07542065048
-0.01271549207 0.0312165256 -0.1409692834 0.07379334018
-0.01166292773 0.03283877828 -0.143701398 0.07223122364
-0.01057873128 0.03464686723 -0.146302151 0.07086170006
-0.009470657311 0.03663369552 -0.1487593837 0.06973993225
-0.008353072221 0.03878214274 -0.1510578684 0.06876358747
-0.007235124859 0.0410856373 -0.1532014012 0.06773908093
-0.006129620654 0.04353086463 -0.1551895203 0.06649857866
-0.005050474627 0.04610082066 -0.1570219006 0.06498376193
-0.004008252153 0.04878511461 -0.1587049517 0.06322500784
-0.003013873817 0.05157210366 -0.160244721 0.06126170722
-0.002077537808 0.05445151082 -0.1616486377 0.05910822608
-0.001209867007 0.05741074891 -0.1629236997 0.05676140743
-0.0004200044765 0.06044039691 -0.1640791496 0.05421543985
0.0002836117682 0.06353161282 -0.1651250596 0.05147670239
0.000893205661 0.06667454066 -0.1660719197 0.04856919129
0.001402522408 0.06986049618 -0.1669313919 0.04553733015
0.001806919786 0.0730812085 -0.1677158708 0.04244475041
0.002103669215 0.0763284462 -0.1684381996 0.03936567899
0.002292375494 0.07959463515 -0.1691115407 0.03637530514
0.002375001408 0.08287281666 -0.1697489978 0.03354094778
0.002355837188 0.08615673126 -0.1703632589 0.03091542791
0.002241494509 0.08944121197 -0.1709663023 0.02853547703
0.002040725207 0.09272187551 -0.1715690067 0.02641739794
0.001764074387 0.09599567966 -0.1721810129 0.02455244405
0.001423576912 0.09926023491 -0.1728104183 0.0229042905
0.001032346612 0.1025148975 -0.1734638346 0.02141012429
0.0006045105314 0.1057586244 -0.1741458595 0.01998808758
0.0001545965716 0.1089924288 -0.174859507 0.01854830397
-0.000302611407 0.1122179312 -0.175605913 0.01700268484
-0.0007522622092 0.1154366657 -0.1763841817 0.01527368003
-0.001179857331 0.1186509994 -0.1771916461 0.01330154663
-0.001571421383 0.1218634213 -0.1780237915 0.01105011782
-0.00191373026 0.1250763225 -0.1788743154 0.008509383876
-0.002194550305 0.128292022 -0.1797352856 0.005696088457
-0.002402901679 0.1315130311 -0.1805973387 0.002653980115
-0.002529199716 0.1347404386 -0.1814493943 -0.000548130452
-0.002565630711 0.1379754598 -0.1822792737 -0.003819169218
-0.00250629868 0.1412190394 -0.1830738151 -0.007047727336
-0.002347333329 0.1444706659 -0.1838188898 -0.01010905945
-0.002086978359 0.147729263 -0.1844999716 -0.0128731259
-0.001725568251 0.1509937312 -0.1851025357 -0.01521199298
-0.001265763311 0.1542613195 -0.1856120577 -0.01700816361
-0.0007124158158 0.1575290886 -0.1860146347 -0.01816224903
-7.247095603e-05 0.1607935689 -0.1862972057 -0.01859863488
0.0006450671637 0.1640505001 -0.186447856 -0.01827020489
0.001429355212 0.1672952778 -0.1864561791 -0.01715970516
0.002268061377 0.170523417 -0.1863134778 -0.0152801574
0.003147399538 0.1737296937 -0.1860129814 -0.01267077114
0.004052691617 0.1769093655 -0.1855500097 -0.009391509615
0.004968651405 0.1800581053 -0.1849220338 -0.005521069879
0.005879239594 0.1831704926 -0.1841291406 -0.00115219353
0.006769157753 0.1862440328 -0.1831731131 0.003613068228
0.007622706248 0.189274177 -0.1820586959 0.00866731139
0.00842556871 0.1922594437 -0.1807919521 0.01390270947
0.009163672898 0.1951962444 -0.1793821084 0.01921948187
0.009825380558 0.1980863087 -0.1778379974 0.02453049725
0.01039950532 0.2009276578 -0.1761722682 0.02975994368
0.01087731132 0.2037212991 -0.1743979901 0.03484222849
0.01125227859 0.2064694614 -0.1725291301 0.03971053996
0.01152028549 0.2091758437 -0.1705799765 0.04429313605
0.01167954987 0.2118437883 -0.1685660558 0.04851521687
0.01173087904 0.2144778708 -0.1665025938 0.05230168645
0.01167752557 0.2170850157 -0.1644030246 0.0555818637
0.01152513964 0.2196698946 -0.1622821894 0.05830036352
0.01128135381 0.2222401082 -0.1601517807 0.06041145118
0.01095518243 0.2248028379 -0.1580229534 0.06187684083
0.01055640793 0.2273654147 -0.1559060215 0.0626763426
0.01009522707 0.2299351586 -0.1538107335 0.06281536008
0.009581902805 0.2325200421 -0.1517458532 0.06233658597
0.009026936996 0.2351271774 -0.1497204729 0.06133445014
0.008440770977 0.2377640522 -0.147743068 0.05994480636
0.00783373065 0.2404384922 -0.1458216024 0.05827089672
0.007216721846 0.2431553225 -0.1439656474 0.05631688423
0.006599956585 0.2459210175 -0.1421824913 0.05406720581
0.005993699655 0.2487382225 -0.1404800789 0.05162827327
0.005406186405 0.2516102167 -0.1388629101 0.04915453717
0.004843470591 0.2545340859 -0.137335014 0.04672292196
0.00430794339 0.2575073988 -0.1358969374 0.04440432768
0.003800337086 0.2605279464 -0.1345481693 0.04226024303
0.00332151883 0.2635911606 -0.1332891772 0.04026467205
0.002872075336 0.2666941242 -0.1321196759 0.03834676956
0.00245266327 0.2698335538 -0.1310395591 0.03643417324
0.002064011576 0.2730055748 -0.1300488955 0.03445905276
0.001706687056 0.2762075962 -0.1291473315 0.0323587642
0.001381291887 0.2794369411 -0.1283346029 0.03007664926
0.001088487716 0.2826904662 -0.1276105912 0.02756227202
0.0008289008283 0.2859654687 -0.1269750867 0.02477215305
0.0006031338965 0.2892598351 -0.1264278219 0.02167332494
0.0004119139314 0.2925697874 -0.1259688291 0.0182484073
0.0002558866135 0.2958926277 -0.1255979408 0.01450197134
0.00013570771 0.2992256125 -0.1253150137 0.01046907568
5.203572349e-05 0.3025661492 -0.1251199113 0.004508428403
0 0.3067 -0.125 0
0 0.30998 -0.125 0
