0 -0.01998 -0.125 0
0 -0.01669 -0.125 0.000309728773
-2.585702164e-05 -0.01252238876 -0.1252037735 0.00803480565
-6.631809754e-05 -0.009153304931 -0.125536708 0.01789363638
-0.0001232395436 -0.005785862156 -0.1260231115 0.02808782999
-0.0001952587223 -0.002440828927 -0.1266632117 0.0371191005
-0.0002811500423 0.0008740764225 -0.1274584854 0.04414006183
-0.000379662993 0.004149864772 -0.1284103376 0.04881436498
-0.0004895743546 0.007378314032 -0.1295206162 0.05120219666
-0.0006096291364 0.01054998141 -0.1307910866 0.05166280667
-0.0007384852279 0.01365331738 -0.1322227937 0.05077640146
-0.0008748399749 0.01667797829 -0.1338173966 0.04927662209
-0.001017311178 0.01961179876 -0.1355758427 0.048004339
-0.001164430746 0.02244095972 -0.1374980474 0.04778724776
-0.001314544255 0.02515219522 -0.1395839985 0.04866157509
-0.001462323571 0.02773365942 -0.1418290161 0.04927137326
-0.00159495398 0.0301822285 -0.1442179652 0.04808918522
-0.001694789885 0.03250785514 -0.1467285063 0.04425118257
-0.001743422877 0.03472650138 -0.1493349714 0.03766640738
-0.001722845336 0.03685790724 -0.1520128365 0.02943582493
-0.001615238385 0.03892417893 -0.1547399116 0.02046704658
-0.001402991249 0.04094712231 -0.1574934536 0.01013652583
-0.001069373556 0.04294838576 -0.1602494531 -0.002097525735
-0.0005990814488 0.04495077884 -0.1629840408 -0.0154935746
1.906879687e-05 0.04697627942 -0.165670042 -0.02892951265
0.0007895765536 0.04904647389 -0.1682781603 -0.04131014431
0.001709586043 0.05118230363 -0.1707788925 -0.05109985732
0.002768276562 0.0534025912 -0.1731431387 -0.05617287764
0.003946577625 0.055722477 -0.1753431351 -0.05420009345
0.005218936246 0.05815460884 -0.1773558167 -0.04351747949
0.006554150783 0.06070767648 -0.1791626999 -0.02334481714
0.007916632885 0.06338569125 -0.1807504897 0.006777829904
0.009268388884 0.06618852577 -0.1821121884 0.04706533641
0.01057068806 0.06911199872 -0.1832473341 0.09707016094
0.01178536149 0.07214727095 -0.1841617973 0.1554852775
0.01287653511 0.07528112551 -0.1848678644 0.2207182399
0.01381310997 0.07849929176 -0.1853843821 0.2914853289
0.01456873876 0.0817837996 -0.1857351743 0.3663803217
0.01512381367 0.08511703924 -0.1859486525 0.443532055
0.01546581523 0.08848148529 -0.1860564396 0.5207477577
0.01558950159 0.09185954654 -0.1860921115 0.5956648684
0.01549703536 0.09523642084 -0.1860899255 0.6660488929
0.01519759216 0.09860008243 -0.1860835034 0.7300189057
0.01470749779 0.1019376176 -0.1861046403 0.7862936774
0.0140484232 0.1052444155 -0.1861821999 0.8342234943
0.01324789993 0.1085139001 -0.1863411675 0.8737222565
0.01233680943 0.1117462604 -0.1866019134 0.9052157125
0.01134947734 0.1149429601 -0.1869793537 0.9295711662
0.01032169366 0.1181096042 -0.1874826114 0.9480482423
0.0092903081 0.1212530826 -0.1881142551 0.9622122073
0.008292502258 0.124379648 -0.1888695418 0.9738785578
0.007362859988 0.1274991932 -0.1897374594 0.9849925069
0.006533613552 0.1306197898 -0.1906999019 0.9974973386
0.005832568561 0.1337493582 -0.1917327446 1.013236465
0.005281800532 0.1368963402 -0.1928072477 1.033843441
0.004897607024 0.1400645622 -0.1938896592 1.060621847
0.004688821562 0.1432592942 -0.1949448414 1.094430401
0.004657585433 0.1464811227 -0.1959357931 1.135604362
0.004799312043 0.1497297404 -0.1968264823 1.183959998
0.005103186892 0.1530022938 -0.1975826229 1.238822098
0.005552242522 0.1562923546 -0.1981727575 1.299105584
0.006124198498 0.1595927434 -0.1985700182 1.363443181
0.006792305208 0.1628949171 -0.1987526887 1.430291329
0.007526270733 0.1661896474 -0.1987050372 1.498022035
0.008292894006 0.1694660485 -0.198418102 1.565026628
0.009057630128 0.1727137277 -0.1978899582 1.629821159
0.009785972888 0.1759236088 -0.1971254558 1.691093359
0.01044471065 0.1790883427 -0.1961358726 1.747756698
0.0110031986 0.1822027721 -0.1949385631 1.798984802
0.01143430384 0.1852620537 -0.1935575352 1.844271872
0.01171645072 0.188267877 -0.1920198415 1.883432061
0.0118334569 0.1912203623 -0.1903581395 1.91660316
0.01177610184 0.1941250913 -0.1886058913 1.944250727
0.01154218893 0.1969890084 -0.1867978607 1.967105774
0.01113687816 0.1998207845 -0.1849683018 1.986089083
0.01057181944 0.2026335786 -0.1831473906 2.002186818
0.009865285509 0.2054392594 -0.1813634423 2.016344691
0.009041220682 0.2082505859 -0.179639908 2.029402805
0.008128074748 0.2110807013 -0.1779944282 2.042035015
0.00715797664 0.2139409181 -0.1764395187 2.054701331
0.006164962317 0.2168420418 -0.1749812958 2.067605294
0.005184082543 0.2197932814 -0.173619793 2.080664815
0.004251340693 0.2227987418 -0.1723503897 2.09352545
0.003401371459 0.2258604607 -0.1711623849 2.105619875
0.002666713956 0.2289773494 -0.1700398826 2.116247123
0.002077639263 0.2321407732 -0.1689637282 2.124708986
0.001659882467 0.2353372915 -0.1679110044 2.130438366
0.001433031934 0.2385508952 -0.1668552444 2.133043791
0.001409784934 0.2417602402 -0.1657685471 2.132346482
0.001595240629 0.2449422599 -0.1646218981 2.12838136
0.001986570475 0.2480712715 -0.1633870403 2.121443897
0.002573821651 0.2511207804 -0.1620371433 2.112034642
0.00334143125 0.2540627359 -0.1605480967 2.100664349
0.004269879478 0.2568697551 -0.1588980611 2.08771502
0.005335859342 0.2595118598 -0.157069421 2.073371817
0.006513331962 0.2619581346 -0.1550483036 2.057545432
0.007773362314 0.2641759061 -0.1528258989 2.039832401
0.009084077655 0.2661316644 -0.1503997566 2.019482102
0.01041273339 0.2677948728 -0.1477719377 1.995502021
0.01172405272 0.2691363959 -0.1449564542 1.967493311
0.01298631243 0.2701364675 -0.1419773477 1.936792225
0.01417648015 0.2707876012 -0.1388705162 1.90616022
0.01528126256 0.2710932023 -0.1356748019 1.878855719
0.01629036072 0.2710624028 -0.1324308699 1.858288352
0.01719748742 0.2707089112 -0.1291716573 1.846888531
0.01799766859 0.270049907 -0.1259297784 1.844960061
0.01868873579 0.2691047672 -0.1227314127 1.851066837
0.01927003585 0.2678947888 -0.1196001064 1.862397298
0.01974296088 0.2664408978 -0.1165526527 1.875522332
0.02010946289 0.2647661871 -0.1136065078 1.887713684
0.02037326114 0.2628901591 -0.1107698335 1.897115782
0.02053821033 0.2608339356 -0.1080522241 1.902659469
0.02060886615 0.258617439 -0.1054599153 1.904115069
0.02059016984 0.2562578134 -0.1029950945 1.901730455
0.02048715897 0.253771539 -0.1006590731 1.895810906
0.02030503633 0.2511749934 -0.09845266995 1.886693066
0.02004883912 0.2484808036 -0.09637334423 1.874942811
0.01972354707 0.2457014638 -0.09441872077 1.861486205
0.01933462902 0.2428525311 -0.09258829315 1.847410514
0.01888614351 0.2399390461 -0.09087483287 1.833548331
0.01838265142 0.236970859 -0.08927479173 1.820456502
0.01782854374 0.2339567747 -0.08778413501 1.808631123
0.01722737141 0.2309014547 -0.08639711756 1.798418225
0.01658316124 0.2278125408 -0.08510978166 1.789870465
0.01589914911 0.2246941081 -0.08391691275 1.782898971
0.01517872789 0.2215513928 -0.08281412635 1.777413672
0.01442461209 0.218387016 -0.0817964445 1.773380011
0.01364004207 0.2152061478 -0.08086003962 1.770754107
0.01282727683 0.2120102078 -0.08000022801 1.769444816
0.01198898567 0.2088025846 -0.07921321538 1.769315465
0.01112745547 0.2055854072 -0.07849513526 1.770189104
0.01024481462 0.20236046 -0.07784232627 1.771858543
0.009342871998 0.1991286078 -0.07725123152 1.774097942
0.008423598561 0.1958915201 -0.07671871876 1.776674547
0.007489004266 0.192651152 -0.07624190802 1.779362192
0.006540218498 0.1894065841 -0.07581774259 1.781950402
0.00557946343 0.186160802 -0.07544392178 1.784253211
0.004607615648 0.1829123518 -0.07511781161 1.786114298
0.003626826735 0.1796641789 -0.07483745025 1.787410501
0.002637676684 0.1764141099 -0.0746006022 1.788051829
0.001641923009 0.1731639621 -0.0744055699 1.787980426
0.0006412154135 0.1699152413 -0.07425074936 1.787168698
-0.0003640545247 0.1666654386 -0.07413453536 1.785614505
-0.001371855535 0.1634174049 -0.07405571787 1.783338483
-0.002381179664 0.1601707125 -0.07401310579 1.780376957
-0.003391130946 0.1569246028 -0.07400569477 1.776778371
-0.004400103239 0.1536806089 -0.07403264162 1.77259943
-0.005406586354 0.1504399583 -0.07409320207 1.767896826
-0.006410139875 0.1472004231 -0.07418685194 1.762725621
-0.007408868507 0.1439644411 -0.07431310063 1.75713924
-0.008401172822 0.14073349 -0.07447155783 1.751180173
-0.00938658485 0.1375053237 -0.07466215729 1.744908583
-0.01035512417 0.1343090822 -0.07488274233 1.738323463
-0.01131574838 0.1311116016 -0.07513536361 1.73136657
-0.0122669767 0.1279136961 -0.07542034154 1.724073422
-0.01320745606 0.1247156404 -0.07573816218 1.716486975
-0.01413588857 0.1215173766 -0.07608948369 1.70866127
-0.01505104673 0.118318419 -0.07647516987 1.700665822
-0.01595131475 0.1151194375 -0.07689610224 1.692586995
-0.01683513038 0.1119207233 -0.0773533495 1.684525
-0.01770105198 0.108721881 -0.07784824454 1.676593823
-0.0185471264 0.1055241361 -0.0783820357 1.668916345
-0.01937160502 0.1023276972 -0.07895628497 1.661615427
-0.02017281944 0.09913208893 -0.07957287638 1.654810427
-0.02094845648 0.09593902446 -0.0802334642 1.648608011
-0.02169636053 0.09274926179 -0.08094004965 1.643089935
-0.02241454693 0.08956231683 -0.08169513496 1.638308795
-0.02310014413 0.08638112187 -0.0825006283 1.63427828
-0.02375063759 0.08320660348 -0.08335908994 1.630964176
-0.02436344438 0.08003930367 -0.08427344405 1.628282383
-0.02493551133 0.07688140677 -0.0852464057 1.62594133
-0.02546352369 0.07373594812 -0.0862806205 1.623002386
-0.02594440891 0.07060365231 -0.08737974647 1.618050104
-0.02637431998 0.06748916612 -0.08854635863 1.610053209
-0.02674964161 0.06439466264 -0.08978415723 1.598751763
-0.02706632725 0.06132424346 -0.09109640444 1.58441515
-0.02732013748 0.05828249888 -0.09248640578 1.567643646
-0.0275066451 0.0552744601 -0.0939575331 1.549416841
-0.02762124502 0.05230489046 -0.09551362531 1.531081967
-0.0276590394 0.04938122082 -0.0971574555 1.514147544
-0.02761503171 0.04651089056 -0.09889199188 1.49975481
-0.02748407636 0.04370193861 -0.1007201327 1.488212815
-0.0272609444 0.04096391976 -0.1026440792 1.478876227
-0.02694040805 0.03830754807 -0.1046654203 1.470302108
-0.02651713288 0.03574369207 -0.1067858802 1.460746109
-0.02598617615 0.0332861887 -0.1090049427 1.448587149
-0.02534279646 0.03094932649 -0.1113215991 1.432555958
-0.02458249585 0.02874819563 -0.1137340831 1.411916691
-0.0237019093 0.02670064063 -0.1162374102 1.386328262
-0.0226978744 0.02482401369 -0.1188266503 1.355529033
-0.02156850862 0.02313751075 -0.1214939634 1.319624333
-0.02031367608 0.02166167277 -0.1242281884 1.279462987
-0.01893479759 0.02041717691 -0.1270158246 1.23652443
-0.01743491541 0.01942451121 -0.1298411207 1.192886234
-0.01581970681 0.01870410402 -0.1326844747 1.1509088
-0.0140977881 0.01827534052 -0.1355225355 1.111766744
-0.01227921761 0.01815559271 -0.1383310042 1.074473247
-0.01038017466 0.01835981856 -0.1410777998 1.037191693
-0.008417733984 0.01889901333 -0.143731793 0.9992254565
-0.006412404089 0.0197799215 -0.1462601168 0.9617528586
-0.004393032981 0.02100032885 -0.1486300278 0.927168398
-0.002394932519 0.02254529272 -0.1508207349 0.8973328005
-0.0004536657404 0.02439036372 -0.1528268192 0.872417904
0.001394564678 0.02650227919 -0.1546491318 0.8517071141
0.003120592698 0.0288483956 -0.1562981838 0.8345891098
0.004699799939 0.03139771582 -0.157789457 0.8206623004
0.006109840245 0.03411879767 -0.1591406688 0.8096138375
0.007332940471 0.0369839806 -0.1603735699 0.8010963639
0.008353855026 0.03996564755 -0.1615115718 0.7946746714
0.009161440853 0.04303829279 -0.1625804003 0.7897962007
0.009749712958 0.04617598979 -0.1636067711 0.7858169896
0.01011851156 0.04934317432 -0.1646147608 0.7821080644
0.01027730369 0.05252523724 -0.165634045 0.7780900299
0.01024041286 0.05570028387 -0.1666897246 0.7733249173
0.01002930564 0.05884510314 -0.1678027866 0.7675493073
0.009671056393 0.06194814675 -0.1689932709 0.7606517137
0.009197240304 0.06499943173 -0.1702761032 0.7526346529
0.008642531572 0.06799403347 -0.1716616651 0.7435162866
0.00804403029 0.07092837947 -0.1731535586 0.7332494187
0.00743866521 0.07380579568 -0.1747509849 0.7217008555
0.006862219932 0.0766332699 -0.1764475792 0.7086787903
0.00634830233 0.07941952809 -0.1782306643 0.6939518718
0.005926697761 0.08217637144 -0.1800827717 0.6772905362
0.005622524134 0.08491715592 -0.181981778 0.6585387823
0.005455524461 0.08765555523 -0.1839013792 0.6376120616
0.0054393752 0.09040522363 -0.1858122423 0.6144603735
0.005581368733 0.09317895376 -0.1876828343 0.58905763
0.005882215688 0.09598799754 -0.1894804468 0.5613877283
0.006335866441 0.09884181921 -0.1911724876 0.5314805097
0.006929599911 0.1017473589 -0.1927274923 0.4994703972
0.007644567225 0.1047092216 -0.1941166013 0.4656688258
0.008456424857 0.1077289267 -0.1953143417 0.430582288
0.009336447499 0.110805951 -0.1963002069 0.3948711737
0.01025200189 0.1139359198 -0.197058995 0.3593012657
0.01116855234 0.1171132442 -0.1975821697 0.3246963034
0.01205065557 0.1203303063 -0.1978679123 0.2918613969
0.01286321144 0.1235774174 -0.1979215541 0.261539649
0.0135732589 0.1268444585 -0.1977556259 0.2344502777
0.01415127574 0.1301209961 -0.1973893598 0.2112752709
0.01457251535 0.1333968944 -0.1968479506 0.1925631857
0.01481816075 0.1366631509 -0.1961614354 0.1786510414
0.01487609983 0.1399128691 -0.1953631956 0.1696735337
0.01474129927 0.1431401494 -0.1944888045 0.1655859576
0.01441554742 0.1463420642 -0.1935740776 0.1661864225
0.01390685325 0.1495184149 -0.1926536776 0.1711152075
0.01322942528 0.1526704684 -0.1917601606 0.1798502022
0.01240308268 0.155801691 -0.1909225118 0.1917715145
0.01145225714 0.1589179686 -0.190165058 0.2062357672
0.01040550281 0.162025648 -0.1895071968 0.2226133175
0.009294230806 0.1651324341 -0.1889624022 0.2403488363
0.008151889444 0.1682464893 -0.1885379022 0.2589664391
0.007013061086 0.1713756011 -0.1882346658 0.2780395152
0.005912361407 0.1745269473 -0.1880476727 0.2971783055
0.004883293811 0.177706757 -0.1879660448 0.3159561046
0.003957472205 0.1809187145 -0.1879730768 0.333846583
0.003163183027 0.1841645712 -0.1880466802 0.350231583
0.002524480705 0.1874435999 -0.1881601603 0.3644310488
0.002060527588 0.1907506284 -0.188283102 0.3758735995
0.001784147149 0.1940800893 -0.1883826843 0.3840864017
0.001701961385 0.1974207252 -0.1884247679 0.3884613874
0.001813561098 0.2007613322 -0.1883754101 0.388356488
0.002111515026 0.2040854401 -0.1882022122 0.3834797007
0.002582196439 0.2073801905 -0.1878752609 0.3742519058
0.003205526876 0.2106266532 -0.187368607 0.3615739749
0.003956302546 0.2138081349 -0.1866608668 0.34618221
0.004804832521 0.2169089106 -0.1857360393 0.3286750732
0.005718153666 0.2199152125 -0.184583844 0.3099452071
0.006660569933 0.2228140094 -0.1832009858 0.2910173508
0.007595573658 0.2255956377 -0.1815908406 0.2724783056
0.008487819441 0.2282556094 -0.1797621972 0.2543980269
0.009303075772 0.2307904648 -0.1777317748 0.2368534181
0.0100115349 0.2332035087 -0.1755197675 0.2203432571
0.01058795069 0.2355014919 -0.1731510244 0.2057423251
0.01101296482 0.2376951172 -0.1706534644 0.1939393697
0.01127390406 0.2397985704 -0.1680568451 0.1854311781
0.01136545075 0.2418296392 -0.1653905826 0.1800862432
0.01128967851 0.2438079097 -0.1626838162 0.1771725469
0.01105616605 0.2457549443 -0.1599626666 0.1755182633
0.01068029827 0.2476934369 -0.1572494892 0.1737266866
0.01018131187 0.2496444335 -0.1545660795 0.1704069636
0.009580140822 0.2516306146 -0.1519291324 0.1644223948
0.008899227364 0.2536724667 -0.149356184 0.1550503038
0.008160867653 0.2557916783 -0.1468618552 0.141779964
0.007388686798 0.2580058421 -0.1444643504 0.1242712533
0.00660611316 0.2603316428 -0.1421802417 0.1028898756
0.005836091242 0.2627818449 -0.1400249624 0.07891425493
0.005098691471 0.2653589462 -0.1380119079 0.05380216274
0.004404811389 0.268056474 -0.1361465537 0.02892857944
0.003757799854 0.2708622873 -0.1344297634 0.005965219432
0.003159055101 0.2737635135 -0.1328613379 -0.01351477895
0.002609526845 0.2767491369 -0.1314400255 -0.02849862133
0.002110053101 0.2798088817 -0.1301643783 -0.03841009773
0.001661454434 0.2829327656 -0.129032957 -0.04303851777
0.001264436847 0.2861118888 -0.128044063 -0.0425621304
0.0009196503888 0.2893385288 -0.1271958843 -0.03757401628
0.0006279470058 0.2926038486 -0.1264871203 -0.02911703676
0.0003900924143 0.2959004971 -0.1259162665 -0.01871517831
0.0002069259921 0.2992214387 -0.1254820098 -0.008414099145
7.936487753e-05 0.3025600689 -0.1251832355 -0.0003520122609
0 0.3067 -0.125 0
0 0.30998 -0.125 0
