0 -0.01997 -0.125 0
0 -0.01668 -0.125 -0.01783120092
-8.810955517e-05 -0.01238468878 -0.1251909568 -0.03448620012
-0.0002281439133 -0.008910505085 -0.1255059559 -0.05253037009
-0.0004268170407 -0.005436771955 -0.1259677405 -0.07556522197
-0.0006799295447 -0.001984846078 -0.126576279 -0.1030578455
-0.0009836276842 0.001437845166 -0.1273323323 -0.1329774866
-0.001333873566 0.004823056029 -0.1282362472 -0.1627484757
-0.00172665835 0.008163866431 -0.12928849 -0.1903074866
-0.002157820089 0.01145268198 -0.1304891948 -0.2149566714
-0.00262286695 0.01468036418 -0.1318376196 -0.2378258192
-0.003117451886 0.01783972184 -0.1333334716 -0.2617897815
-0.003636956021 0.02092241674 -0.1349757243 -0.2903792411
-0.004176509403 0.02391940637 -0.1367625627 -0.3226151143
-0.004731394357 0.02682311778 -0.1386926613 -0.3525867166
-0.005296718888 0.02962538931 -0.1407641208 -0.3768885503
-0.005867381608 0.03231734772 -0.1429741847 -0.394312872
-0.006438541219 0.03489153373 -0.1453209873 -0.4053995444
-0.007004943031 0.03733872292 -0.147800896 -0.4124050144
-0.007561244979 0.03964966009 -0.1504096428 -0.4184295374
-0.008102155498 0.04181580461 -0.1531431615 -0.4262423131
-0.008621922532 0.04382758267 -0.1559953243 -0.4376482954
-0.00911099577 0.04567742184 -0.158957152 -0.4510582408
-0.009548591866 0.04737579596 -0.1620138004 -0.4606615667
-0.009906514967 0.04894967885 -0.1651434152 -0.4590807641
-0.01015815268 0.05042988172 -0.1683241499 -0.4399395078
-0.01027888171 0.05184981492 -0.1715350361 -0.3992041033
-0.0102467506 0.05324429199 -0.1747539095 -0.3366304729
-0.01004519478 0.05464903949 -0.1779552538 -0.2560945035
-0.009666551969 0.0561011312 -0.1811126833 -0.1651342354
-0.009114458133 0.0576363761 -0.1841985451 -0.0748852857
-0.008404590406 0.05928660038 -0.1871855161 0.003098415689
-0.00756328674 0.06107790611 -0.1900497901 0.06073565264
-0.006625072395 0.06302925252 -0.1927728922 0.09406069907
-0.005630093803 0.06515102365 -0.1953421501 0.1028330447
-0.004621451792 0.06744381494 -0.1977510598 0.09002660059
-0.00364102685 0.06990060548 -0.2000022598 0.06122004616
-0.002727287349 0.07250502694 -0.2021049914 0.02386795593
-0.001911158524 0.07523559934 -0.2040770107 -0.01445190967
-0.001214108444 0.07806719576 -0.2059423299 -0.04735824111
-0.0006469721452 0.08097259507 -0.2077287883 -0.07020230065
-0.0002092280504 0.08392563269 -0.2094664596 -0.08051277911
0.0001105931811 0.08690198983 -0.2111846314 -0.07733649152
0.0003341078475 0.08987715889 -0.2129073547 -0.06013010844
0.0004926075674 0.0928362146 -0.2146557674 -0.02856458696
0.0006243206435 0.09576622629 -0.2164408757 0.01714132802
0.0007721951484 0.09866441488 -0.2182658947 0.07597168001
0.0009800337828 0.1015320289 -0.2201216837 0.1463392096
0.001288399272 0.1043769116 -0.2219896061 0.2265607627
0.001730272634 0.1072111509 -0.2238417245 0.3151165432
0.002326598807 0.1100460923 -0.2256403652 0.4105361948
0.003085932617 0.1128967607 -0.2273459393 0.5111208927
0.004003673404 0.1157750986 -0.2289172826 0.6147369514
0.005062911268 0.1186910007 -0.2303161964 0.7187764541
0.00623692855 0.1216536362 -0.2315111084 0.8202932937
0.007489601138 0.124665902 -0.2324771292 0.9164806305
0.008780930684 0.1277308777 -0.233200175 1.005248233
0.01006824391 0.1308472575 -0.233675447 1.085515636
0.01130999511 0.1340122323 -0.2339082535 1.157273899
0.01246844051 0.1372217386 -0.2339139267 1.221284652
0.01351199018 0.1404686165 -0.2337172238 1.278618352
0.01441937949 0.143746549 -0.233350445 1.330102136
0.01518120083 0.1470501019 -0.2328500767 1.375871533
0.01579984763 0.1503740336 -0.2322532399 1.41534074
0.01628802479 0.1537145131 -0.2315942074 1.447451801
0.01666629121 0.1570684923 -0.2309017326 1.471080899
0.01696111278 0.1604331589 -0.2301969388 1.485618129
0.01720274863 0.1638064916 -0.2294918849 1.491427662
0.01742288999 0.1671869844 -0.2287892028 1.489960701
0.01765248722 0.1705702016 -0.2280836063 1.483426629
0.01792048355 0.1739537039 -0.2273618842 1.474313517
0.01825162015 0.1773274524 -0.2266054865 1.465223252
0.01866542493 0.1806815168 -0.2257898476 1.459114852
0.01917365824 0.1840018789 -0.2248863722 1.460146659
0.01977810734 0.1872715569 -0.2238640866 1.474238942
0.02047032046 0.1904752818 -0.2226909764 1.507037446
0.02123019796 0.1935939366 -0.221339013 1.559781046
0.02202749339 0.196609169 -0.2197863701 1.627328192
0.02282391486 0.1995056818 -0.2180205858 1.701602914
0.0235760754 0.2022722759 -0.2160419087 1.775653863
0.0242405746 0.2049055134 -0.2138619016 1.845483974
0.02477805543 0.2074096696 -0.2115021198 1.909134474
0.02515654347 0.2097949221 -0.2089939981 1.964920488
0.02535511572 0.2120795438 -0.2063731984 2.010819868
0.02536525552 0.2142875116 -0.2036765321 2.044216974
0.02519103008 0.2164436136 -0.2009418443 2.062711948
0.02484836461 0.2185730395 -0.1982022253 2.06572238
0.02436248795 0.2207000085 -0.195481873 2.055404927
0.02376551523 0.2228434529 -0.1927976374 2.036432186
0.02309326372 0.2250173646 -0.1901563684 2.014810909
0.02238276185 0.2272288265 -0.1875570937 1.99617272
0.0216699066 0.2294788177 -0.1849919535 1.983980031
0.02098814877 0.2317616958 -0.1824489514 1.978677874
0.02036614151 0.234066372 -0.1799110225 1.979372038
0.0198263065 0.23637383 -0.1773595969 1.985983613
0.01938244588 0.2386595248 -0.1747743933 1.99911101
0.01903858057 0.2408944289 -0.1721358881 2.019697524
0.01878760834 0.2430475968 -0.1694271388 2.049349724
0.01861301131 0.2450909759 -0.1666312446 2.090316799
0.01849425239 0.2469946459 -0.1637374711 2.144529912
0.01840948927 0.2487287429 -0.160736502 2.211941202
0.01833669365 0.2502595077 -0.1576252225 2.290339968
0.01825335318 0.2515517868 -0.1544064986 2.375947588
0.01813907841 0.2525749424 -0.1510964665 2.464101564
0.01798494148 0.2533189044 -0.1477166479 2.550808029
0.01779165132 0.2537872549 -0.1442949785 2.634085321
0.01756009164 0.2539868917 -0.1408533508 2.711327161
0.01729119709 0.2539261073 -0.1374093813 2.776280795
0.01698552244 0.2536131145 -0.1339738315 2.825082467
0.0166439547 0.2530560097 -0.1305605165 2.858813086
0.01626751241 0.2522633394 -0.1271827941 2.88004249
0.01585819046 0.2512464674 -0.1238599087 2.891165598
0.01541807856 0.2500182219 -0.1206077903 2.894352788
0.01494896269 0.2485911962 -0.1174372161 2.891672601
0.01445273249 0.2469784522 -0.1143577074 2.885115017
0.01393148724 0.2451938294 -0.1113781495 2.876500502
0.01338679552 0.2432492685 -0.1085028607 2.867330553
0.01282040519 0.2411570411 -0.1057361968 2.858651081
0.01223489638 0.2389323517 -0.1030851311 2.850929771
0.01163087304 0.2365826307 -0.1005467093 2.844060899
0.01101007881 0.2341191867 -0.09812288554 2.837439737
0.01037418782 0.2315527753 -0.09581460348 2.83009984
0.00972412143 0.2288907663 -0.09361974772 2.820921153
0.009061535925 0.2261431727 -0.09153856003 2.808848376
0.008387416891 0.2233169397 -0.08956884979 2.793096936
0.007703075535 0.2204200522 -0.08770932185 2.773304048
0.007009320367 0.2174580688 -0.08595723093 2.749602838
0.006307577199 0.214438883 -0.08431136204 2.722586525
0.00559850003 0.2113667929 -0.08276858507 2.693182804
0.004883225314 0.2082478779 -0.08132691649 2.662480512
0.004162655834 0.2050869221 -0.07998385277 2.631526188
0.003437659227 0.201888266 -0.07873687681 2.601169072
0.002708935452 0.1986552189 -0.0775832825 2.571982036
0.001977403446 0.1953917751 -0.07652082137 2.544257329
0.001244083834 0.1921021234 -0.07554741817 2.518041639
0.0005093802278 0.1887874219 -0.07466029848 2.493238128
-0.0002253875541 0.1854527057 -0.07385793991 2.469680127
-0.0009598757578 0.1820983644 -0.07313781328 2.447205445
-0.001692718362 0.1787292294 -0.0724985621 2.425693377
-0.002423680987 0.1753447498 -0.07193792825 2.405091811
-0.003151605535 0.1719484386 -0.07145460618 2.38543607
-0.003875388269 0.1685434396 -0.07104727492 2.366817445
-0.004594799726 0.1651286351 -0.07071429774 2.349383561
-0.005308400242 0.1617084963 -0.07045481379 2.333297756
-0.00601546082 0.1582840395 -0.07026773055 2.318677
-0.006715297486 0.1548559366 -0.07015215625 2.305550999
-0.007406705078 0.151427326 -0.07010743428 2.293810492
-0.008088523236 0.1480011232 -0.07013293222 2.283169124
-0.008760272707 0.144576759 -0.07022818596 2.27317877
-0.009420437582 0.1411588743 -0.07039274322 2.263264091
-0.01006764067 0.1377515186 -0.07062608715 2.252771097
-0.01070113773 0.134355454 -0.07092795976 2.241246744
-0.0113002794 0.1310811657 -0.07128520013 2.228310023
-0.01188653851 0.1278111305 -0.07170773102 2.213572197
-0.01245884511 0.1245474724 -0.07219609631 2.196952359
-0.01301620736 0.1212918112 -0.07275100833 2.178581756
-0.01355766448 0.118045486 -0.0733733621 2.15878287
-0.01408229301 0.1148094728 -0.07406429404 2.138024039
-0.01458894741 0.1115859953 -0.07482483811 2.116847048
-0.01507652279 0.1083769744 -0.07565621791 2.095775319
-0.0155439887 0.1051837387 -0.07655998173 2.075234705
-0.015990052 0.1020093381 -0.07753735457 2.055477688
-0.01641355327 0.09885591131 -0.07858995253 2.036526776
-0.01681339104 0.09572505231 -0.07971978634 2.018167073
-0.01718816704 0.09262063011 -0.08092823281 1.999962272
-0.01753660304 0.0895456955 -0.08221707637 1.98129952
-0.01785752895 0.08650225544 -0.08358876584 1.961486469
-0.01814941609 0.08349572647 -0.08504440265 1.9398546
-0.01841095253 0.08052973028 -0.08658599062 1.91586069
-0.0186408356 0.07760769527 -0.08821587481 1.889204091
-0.01883762765 0.07473472726 -0.08993569208 1.859919328
-0.01899987029 0.07191680979 -0.09174661834 1.828409473
-0.01912623558 0.06915798471 -0.09365123321 1.795464245
-0.01921523854 0.06646588524 -0.09564984309 1.762214813
-0.01926552557 0.06384605577 -0.0977442993 1.730031
-0.01927571792 0.06130578832 -0.09993527828 1.700406106
-0.01924449331 0.05885280522 -0.102223114 1.674795226
-0.01917059688 0.05649518371 -0.10460783 1.654455812
-0.01905281283 0.05424079575 -0.1070897681 1.640316596
-0.01889009225 0.05209949117 -0.1096671444 1.6328602
-0.01868151562 0.05008093324 -0.1123381298 1.632050451
-0.01842630771 0.04819502128 -0.11510044 1.637319418
-0.01812394196 0.04645242387 -0.1179504422 1.647602062
-0.01777416878 0.04486417962 -0.1208834031 1.661430628
-0.01737688863 0.04344102777 -0.1238946618 1.677076649
-0.01693259646 0.04219488739 -0.1269763747 1.692735368
-0.01644208526 0.04113721438 -0.1301202493 1.706750729
-0.01590645716 0.0402791974 -0.1333173091 1.717829577
-0.01532765411 0.03963233565 -0.1365548968 1.725241233
-0.01470769717 0.03920704947 -0.1398212854 1.728950897
-0.01404931111 0.03901343033 -0.1431020695 1.729660535
-0.01335601881 0.03906062138 -0.1463801236 1.728748817
-0.01263187462 0.03935632566 -0.1496372131 1.728098874
-0.0118814032 0.03990673754 -0.1528543968 1.729813437
-0.01110998121 0.04071609395 -0.1560106342 1.736401794
-0.01032594168 0.04178456349 -0.1590846536 1.749936103
-0.009544428732 0.04310024679 -0.1620632633 1.771003896
-0.00878744671 0.04463667751 -0.1649379535 1.79819741
-0.008075912134 0.04636598846 -0.1677117183 1.826867565
-0.007429164551 0.04826047168 -0.1703927534 1.850589376
-0.006865438578 0.0502911707 -0.1729904656 1.866644603
-0.006400332054 0.05243029997 -0.1755187671 1.875501678
-0.006044918335 0.05465200559 -0.1779968265 1.877478219
-0.005804012201 0.05692575487 -0.1804411595 1.872876859
-0.005672777531 0.05922426138 -0.1828718304 1.862782988
-0.005636774935 0.06152331375 -0.1853081391 1.84950196
-0.005672856253 0.06380128137 -0.1877644692 1.836018133
-0.005751019658 0.06604442051 -0.1902530825 1.824898799
-0.005836746592 0.06824464956 -0.192779909 1.817293888
-0.005893469334 0.07040178347 -0.1953459584 1.812447598
-0.005884959538 0.07252180732 -0.1979450035 1.808059816
-0.005778355379 0.07461018701 -0.2005555453 1.801207598
-0.005546052776 0.07669030002 -0.203165699 1.789320765
-0.005167728334 0.07878271112 -0.2057500885 1.771012992
-0.004632909529 0.08090694504 -0.2082756152 1.745797071
-0.00394009909 0.08308770248 -0.2107132364 1.713308524
-0.003098239802 0.08534625194 -0.2130314539 1.674594261
-0.002125981032 0.08770108493 -0.2152013912 1.633205279
-0.001051935069 0.09016358768 -0.2171968923 1.59323929
8.929547075e-05 0.09274165171 -0.219001314 1.557592244
0.001259308866 0.09543719379 -0.2206074557 1.528025292
0.002418718034 0.0982455656 -0.2220169079 1.505204698
0.003530734839 0.10115913 -0.2232394484 1.488129223
0.004562924485 0.1041674037 -0.2242916672 1.474899609
0.005489464317 0.1072568897 -0.2251964871 1.464527504
0.006293159305 0.1104125285 -0.2259821441 1.456404145
0.006966799055 0.1136186778 -0.2266800294 1.449607707
0.007514172001 0.1168600766 -0.2273221263 1.443110634
0.007949829146 0.1201232139 -0.2279383414 1.435904154
0.008297774787 0.1233966945 -0.228553909 1.427121655
0.008589611724 0.1266720915 -0.2291873767 1.416067396
0.008862058226 0.1299431848 -0.2298489906 1.402217078
0.009154182 0.1332068209 -0.2305392027 1.385265355
0.009503891521 0.1364602324 -0.2312473173 1.365170608
0.009944613952 0.1397028148 -0.2319525652 1.342291702
0.01050193086 0.1429342396 -0.2326250834 1.317352045
0.01119094906 0.1461533619 -0.2332282619 1.291093728
0.01201529208 0.1493587506 -0.2337221764 1.263976602
0.01296750033 0.1525476636 -0.2340666371 1.236183094
0.01403038478 0.1557155906 -0.2342238092 1.207773847
0.01517766682 0.1588565657 -0.234161215 1.178802634
0.01637503671 0.1619642489 -0.2338548981 1.149299473
0.01758209723 0.1650313015 -0.2332918297 1.119195317
0.01875620051 0.1680520463 -0.2324709366 1.088322049
0.01985557726 0.1710230378 -0.2314023881 1.056477924
0.02084178 0.1739425606 -0.230106628 1.024217432
0.02168257387 0.1768119977 -0.2286127269 0.9936547415
0.02235408731 0.1796365023 -0.2269559753 0.9677007155
0.02284256117 0.1824234394 -0.2251763746 0.94738171
0.02314627563 0.1851831659 -0.2233151109 0.9310885757
0.02327549766 0.1879277843 -0.2214113419 0.9172674975
0.02325140551 0.190669657 -0.2194992386 0.9030104349
0.02310392624 0.1934203384 -0.2176053777 0.8828505719
0.02286872362 0.1961895932 -0.2157473456 0.8529884087
0.0225845453 0.1989831738 -0.2139335007 0.814304605
0.0222906089 0.2018027175 -0.2121621874 0.770773125
0.02202376945 0.2046449384 -0.2104227178 0.7270137072
0.02181593705 0.2074996751 -0.2086974718 0.6867670345
0.02169141625 0.2103535795 -0.206961574 0.6525443309
0.02166550368 0.213186112 -0.205188003 0.6258388249
0.02174352148 0.2159753013 -0.2033472469 0.607073163
0.0219213311 0.2186940811 -0.2014127581 0.5955753005
0.02218587743 0.22131858 -0.1993584065 0.58991724
0.02251448319 0.2238217809 -0.1971668498 0.5882883428
0.02287658719 0.2261822044 -0.1948272032 0.5890006514
0.02323619764 0.2283843472 -0.1923371561 0.5908858245
0.02355495526 0.2304203344 -0.1897025876 0.5934915409
0.02379480014 0.2322889087 -0.1869381073 0.596818774
0.0239207173 0.2339965747 -0.1840640192 0.6010670302
0.02390322226 0.2355584708 -0.1811035546 0.6064429941
0.02372081393 0.2369954741 -0.1780862238 0.6126374505
0.02336190577 0.2383362072 -0.1750394813 0.6186616043
0.02282571294 0.2396130455 -0.1719899725 0.6232156859
0.02212290223 0.2408598466 -0.1689605417 0.62500639
0.02127330989 0.2421096957 -0.1659692323 0.6226805964
0.02030093671 0.2433946254 -0.1630292689 0.614545153
0.01923158915 0.2447455264 -0.1601526765 0.5991914451
0.01809166379 0.2461930168 -0.1573504032 0.5757277832
0.01690837572 0.2477660261 -0.1546330699 0.5436009947
0.01570975405 0.2494855616 -0.1520132496 0.502608556
0.01451401195 0.2513584276 -0.1494983393 0.4537810667
0.01333032598 0.2533774177 -0.1470947619 0.4021352148
0.0121643125 0.2555355134 -0.1448050416 0.3557622764
0.01102276151 0.2578230184 -0.1426341017 0.3191056482
0.009911143421 0.2602320695 -0.1405842763 0.2920155529
0.008834324107 0.2627558229 -0.1386568542 0.2730849906
0.007797793787 0.26538567 -0.1368542554 0.2600419487
0.00680631272 0.2681143446 -0.1351775621 0.2501753638
0.005864623906 0.2709343547 -0.1336278077 0.2407674333
0.004977493919 0.2738377182 -0.1322060145 0.2294960612
0.004149231236 0.2768175117 -0.1309124289 0.2147740563
0.003384080373 0.2798667886 -0.1297471918 0.1959411053
0.002686290111 0.2829781877 -0.1287104388 0.1732642239
0.002059894018 0.2861447749 -0.1278019763 0.1477551194
0.001508735745 0.2893601974 -0.1270213454 0.120866272
0.001036835024 0.2926164633 -0.1263683401 0.09411714282
0.0006478904405 0.2959065962 -0.1258423027 0.06873315991
0.0003455030914 0.2992235357 -0.1254424489 0.04539206141
0.0001331616673 0.3025603174 -0.1251678458 0.02168869575
0 0.3067 -0.125 0
0 0.30998 -0.125 0
