0 -0.01997 -0.125 0
0 -0.01668 -0.125 0.03848520826
-2.257327723e-05 -0.01334938862 -0.1251389019 0.1429662402
-6.69078854e-05 -0.01002771328 -0.1254168881 0.2895889338
-0.000132179887 -0.006720983816 -0.1258340682 0.4519929339
-0.0002175518305 -0.003435276363 -0.1263904718 0.6070472268
-0.0003221705629 -0.00017675318 -0.1270860382 0.7381968114
-0.0004451644902 0.003048318216 -0.1279206033 0.8360465045
-0.0005856403991 0.006233546827 -0.1288938838 0.897454688
-0.0007426799293 0.009372401063 -0.1300054578 0.9243382688
-0.0009153357425 0.01245819301 -0.1312547428 0.9222481166
-0.001102627414 0.01548406438 -0.1326409703 0.8982649392
-0.001303537129 0.0184429746 -0.1341631567 0.8586431852
-0.00151700542 0.02132769125 -0.1358200716 0.8075526529
-0.001741927324 0.02413078336 -0.1376102019 0.7476618046
-0.001977149284 0.02684461763 -0.1395317137 0.6817331665
-0.002221466622 0.02946135862 -0.1415824103 0.6137628744
-0.002473620792 0.03197297372 -0.1437596865 0.5490327268
-0.002732295849 0.03437124556 -0.1460604802 0.4934855944
-0.002993150016 0.03665013714 -0.1484793824 0.4527451876
-0.00323519428 0.03882215724 -0.1509966472 0.4308269609
-0.003434476355 0.04090862151 -0.1535889695 0.4284383943
-0.003567215991 0.04293347121 -0.1562339031 0.4429562693
-0.003609983757 0.04492186457 -0.1589092954 0.469435923
-0.003540503255 0.04689978693 -0.1615918425 0.5004359832
-0.003340691113 0.04889441452 -0.1642553567 0.5324143251
-0.003001800064 0.0509338971 -0.1668703364 0.5641663092
-0.002527731859 0.05304540283 -0.1694058758 0.5927828483
-0.001934894763 0.0552526415 -0.1718325081 0.615825146
-0.001250186378 0.0575739287 -0.1741247784 0.6313016808
-0.000508426524 0.06002084715 -0.1762634586 0.6393707904
0.0002507361175 0.06259753264 -0.1782372577 0.6469013718
0.000986205731 0.06530055132 -0.180044004 0.6646438387
0.001658984092 0.06811945621 -0.1816910731 0.6991920329
0.002235545294 0.07103802599 -0.1831948821 0.7535180241
0.002690789192 0.07403593169 -0.1845796278 0.8248502194
0.003010158562 0.07709078554 -0.1858751639 0.9059999119
0.003190831304 0.08018023285 -0.1871143437 0.9898626936
0.003241871829 0.08328389122 -0.1883300444 1.068573474
0.003183401068 0.08638495361 -0.1895521376 1.131370663
0.003044870158 0.08947134028 -0.1908046391 1.165078279
0.002862450181 0.09253628769 -0.1921033592 1.158711355
0.002675878327 0.09557833457 -0.1934542893 1.106612454
0.002525108757 0.09860080004 -0.194852773 1.009035499
0.002446957188 0.1016108346 -0.1962835742 0.8725504388
0.002471975328 0.1046181835 -0.1977218294 0.7086396762
0.002621764898 0.1076338066 -0.1991348476 0.536133247
0.002906957032 0.1106684903 -0.2004846834 0.3798149714
0.003326240393 0.1137315506 -0.2017313632 0.2540170542
0.00386648581 0.1168298071 -0.2028363357 0.1657492436
0.00450368904 0.1199669523 -0.2037658743 0.1163792066
0.005204929202 0.1231433352 -0.2044941633 0.1026339873
0.005931257611 0.1263561669 -0.2050056322 0.1147773364
0.006641083713 0.1296000889 -0.2052964077 0.1362449427
0.007293795875 0.1328680188 -0.2053747317 0.1509987232
0.007853299139 0.1361521609 -0.2052602543 0.1490108298
0.008291088365 0.1394450411 -0.2049822019 0.1284328886
0.008588731618 0.1427404126 -0.2045768321 0.09378560121
0.00873935076 0.1460339453 -0.2040841517 0.05157891065
0.008748088878 0.1493235807 -0.2035443502 0.008095401243
0.00863155551 0.1526095116 -0.2029942665 -0.03034058538
0.008416354539 0.1558937909 -0.2024641758 -0.05943720445
0.008136778675 0.1591796217 -0.2019751565 -0.07610246549
0.007831746132 0.1624704285 -0.2015374212 -0.07863241257
0.00754150597 0.1657688182 -0.2011495794 -0.06655604247
0.007304284827 0.1690755763 -0.2007988964 -0.03864750235
0.007153101736 0.1723888312 -0.2004624987 0.003862576579
0.007112955687 0.1757035109 -0.200109409 0.05445785866
0.007198587034 0.1790111965 -0.1997032886 0.1064147883
0.007413049776 0.1823004401 -0.1992057113 0.1527650608
0.007747527414 0.1855575295 -0.1985797259 0.188160421
0.00818206385 0.1887676088 -0.1977931888 0.2088579103
0.008687065527 0.1919161151 -0.1968217326 0.2133861955
0.009225894818 0.1949903025 -0.1956509468 0.2020905928
0.009758079858 0.1979806859 -0.1942776133 0.1772982985
0.01024284222 0.200882251 -0.1927099268 0.1461383843
0.01064265079 0.2036952732 -0.1909666735 0.1190909182
0.01092646003 0.206425605 -0.1890754148 0.1057223565
0.0110723457 0.2090844004 -0.1870699332 0.1090648243
0.01106936737 0.2116872966 -0.184987217 0.1238734243
0.0109184054 0.2142530698 -0.1828642093 0.1414129165
0.01063197829 0.2168019061 -0.1807346852 0.156558141
0.01023312206 0.2193534409 -0.1786265228 0.1726476483
0.009753438401 0.2219247371 -0.1765595647 0.1985049995
0.009230392198 0.2245284139 -0.1745442773 0.2420026961
0.00870410617 0.2271711802 -0.1725813912 0.3024067376
0.008214083278 0.2298528522 -0.1706623937 0.3716745193
0.007796056903 0.2325659638 -0.1687707907 0.4367689607
0.007479108998 0.2352959617 -0.1668839092 0.4840887315
0.007283032133 0.238021985 -0.1649750425 0.5037179362
0.007216019436 0.240718374 -0.1630159177 0.4920868004
0.007273582036 0.243357042 -0.1609794862 0.4527871256
0.007440107732 0.2459099424 -0.158842283 0.3944390486
0.00769328744 0.2483499296 -0.156585144 0.3284144304
0.008008160823 0.2506496641 -0.1541926765 0.2670096089
0.008358682578 0.2527803911 -0.1516533212 0.2195074113
0.00871804823 0.2547115849 -0.1489604093 0.1899657106
0.009059563644 0.2564127732 -0.1461145184 0.1772876413
0.009365917133 0.2578649892 -0.1431300612 0.1770251582
0.009635024726 0.2590635913 -0.140031524 0.1833755773
0.009865961204 0.2600070719 -0.1368429907 0.1911412005
0.01005823276 0.2606964434 -0.1335874933 0.1973458588
0.01021173781 0.2611349536 -0.1302867599 0.2022655949
0.01032672383 0.2613277851 -0.1269610243 0.2075982456
0.01040374216 0.2612817529 -0.1236288936 0.2106130823
0.01044360247 0.2610050072 -0.1203072698 0.2069934161
0.01044732823 0.2605067518 -0.1170113182 0.195405386
0.01041611436 0.2597969811 -0.113754476 0.1757584977
0.01035128786 0.2588862412 -0.1105484956 0.1496501108
0.01025427219 0.2577854172 -0.107403513 0.1186903828
0.0101265556 0.2565055472 -0.1043281377 0.08645491516
0.009969663818 0.2550576634 -0.1013295563 0.06095300599
0.009785136862 0.2534526595 -0.09841364532 0.04531909641
0.009574509915 0.251701182 -0.09558508942 0.03970948053
0.009339297904 0.2498135439 -0.09284750012 0.04486555491
0.009080983476 0.247799659 -0.09020353338 0.05911144971
0.008801008008 0.2456689926 -0.08765500305 0.07956503287
0.008500765278 0.2434305293 -0.08520298898 0.1028114444
0.008181597429 0.2410927525 -0.08284793822 0.1253658747
0.007844792855 0.2386636355 -0.08058975898 0.1442037251
0.007491585664 0.2361506412 -0.07842790661 0.1571319337
0.007123156396 0.2335607301 -0.07636146164 0.1629979457
0.006740633686 0.2309003727 -0.07438919992 0.1617198383
0.006345096623 0.2281755673 -0.07250965514 0.1541185765
0.005937577572 0.2253918609 -0.07072117407 0.1415779884
0.005519065254 0.222554372 -0.06902196488 0.1256321617
0.005090507942 0.2196678153 -0.06741013929 0.1076328983
0.004652816608 0.2167365269 -0.06588374876 0.08863109876
0.00420686795 0.21376449 -0.06444081558 0.069499277
0.003753507193 0.21075536 -0.06307935916 0.05117740747
0.003293550619 0.2077124898 -0.06179741814 0.03484243619
0.002827787789 0.2046389535 -0.06059306881 0.0218529961
0.00235698343 0.2015375696 -0.05946444021 0.01346730246
0.00188187898 0.1984109234 -0.0584097264 0.01046105834
0.001403193808 0.1952613876 -0.05742719618 0.01280792132
0.0009216261088 0.1920911426 -0.05651520068 0.01954614919
0.0004378535244 0.1889021945 -0.05567217917 0.02889849508
-4.746647432e-05 0.185696393 -0.05489666325 0.03865352374
-0.0005336963808 0.1824754474 -0.05418727987 0.04672760086
-0.001020218552 0.1792409418 -0.05354275338 0.05171185787
-0.001506435135 0.1759943491 -0.05296190678 0.05315064352
-0.001991767947 0.1727370442 -0.05244366258 0.0513969569
-0.002475658218 0.1694703156 -0.05198704323 0.04713623197
-0.002957566153 0.166195377 -0.05159117142 0.04090143293
-0.003436970229 0.1629133778 -0.05125527029 0.03292256715
-0.003913366221 0.1596254125 -0.05097866365 0.02340332911
-0.004386265919 0.1563325301 -0.0507607763 0.01295576573
-0.004855195523 0.1530357431 -0.05060113438 0.002739903413
-0.005319693747 0.1497360353 -0.05049936589 -0.005953795638
-0.005779309617 0.1464343704 -0.05045520138 -0.0124757458
-0.006233599998 0.1431317 -0.05046847474 -0.01737127563
-0.00668212687 0.1398289709 -0.05053912413 -0.02221714238
-0.007124454363 0.1365271334 -0.05066719311 -0.02873433967
-0.007560145593 0.1332271493 -0.05085283182 -0.03770739243
-0.007988759302 0.1299299998 -0.05109629822 -0.04840502111
-0.008409846354 0.1266366939 -0.05139795939 -0.05888480976
-0.00882294611 0.1233482778 -0.05175829266 -0.06701901061
-0.009227582716 0.1200658432 -0.05217788661 -0.07165787839
-0.009623261362 0.1167905379 -0.0526574418 -0.07327228716
-0.01000946454 0.1135235755 -0.05319777098 -0.07369924658
-0.0103856484 0.1102662467 -0.05379979896 -0.07509593556
-0.01075123916 0.107019931 -0.05446456165 -0.07864344481
-0.01110562978 0.1037861086 -0.05519320451 -0.08369493037
-0.0114481768 0.1005663744 -0.05598698004 -0.08783748197
-0.01177819744 0.09736245129 -0.05684724436 -0.08785218572
-0.01209496705 0.09417620574 -0.0577754526 -0.08109046603
-0.01239771685 0.09100966323 -0.05877315311 -0.06659976116
-0.01268563204 0.08786502535 -0.05984198021 -0.04551150531
-0.0129578503 0.08474468747 -0.06098364524 -0.02061523331
-0.01321346059 0.0816512575 -0.06219992589 0.004565916217
-0.01345150248 0.0785875755 -0.06349265325 0.02672005127
-0.01367096583 0.0755567341 -0.06486369661 0.04335261233
-0.01387079107 0.07256209972 -0.06631494553 0.05297714505
-0.01404986994 0.06960733427 -0.06784828898 0.05505297422
-0.014207047 0.06669641741 -0.06946559123 0.04987347165
-0.0143411218 0.06383366893 -0.07116866413 0.03846456
-0.01445085193 0.06102377119 -0.07295923551 0.02238936221
-0.01453495703 0.058271791 -0.07483891328 0.003352916935
-0.01459212388 0.0555832009 -0.0768091449 -0.01730614156
-0.01462101265 0.05296389892 -0.07887117182 -0.03893271141
-0.01462026455 0.05042022645 -0.08102597849 -0.06138337434
-0.01458851099 0.04795898337 -0.08327423551 -0.08438409082
-0.01452438439 0.04558743942 -0.0856162367 -0.1068505275
-0.01442653098 0.04331334082 -0.08805182966 -0.1267501326
-0.01429362572 0.04114491081 -0.09058033976 -0.1417707258
-0.01412438952 0.03909084261 -0.09320048748 -0.150480029
-0.01391760924 0.03716028319 -0.09591029939 -0.1532655326
-0.01367216041 0.03536280591 -0.09870701308 -0.1524820028
-0.01338703317 0.03370837009 -0.1015869769 -0.1524124292
-0.01306136143 0.03220726517 -0.1045455457 -0.1551459264
-0.01269445541 0.03087003727 -0.1075769744 -0.1607415641
-0.01228583752 0.02970739584 -0.1106743114 -0.1681215806
-0.01183528129 0.02873009831 -0.1138292947 -0.1756340883
-0.01134285291 0.02794881087 -0.1170322554 -0.1816087288
-0.01080895483 0.02737394393 -0.1202720309 -0.1846381833
-0.01023437057 0.02701546144 -0.1235358952 -0.183745387
-0.009620309888 0.02688266386 -0.1268095102 -0.1779712688
-0.008968452928 0.02698394591 -0.1300769053 -0.1673663891
-0.008280991574 0.02732653167 -0.1333204922 -0.1536708129
-0.007560665635 0.02791619151 -0.1365211217 -0.1394959439
-0.006810791334 0.02875694732 -0.1396581877 -0.1308338815
-0.006035279883 0.02985077394 -0.1427097868 -0.1332578609
-0.005238644573 0.03119730663 -0.1456529346 -0.1513999406
-0.00442602515 0.03279355883 -0.1484638683 -0.1844402027
-0.003609989117 0.03462824854 -0.1511243451 -0.2293839166
-0.002816308741 0.03667391678 -0.1536335692 -0.2816102495
-0.002071163759 0.03890019872 -0.1559999991 -0.3331208322
-0.00139919887 0.04127817282 -0.1582373621 -0.3762417754
-0.000823501741 0.0437805019 -0.1603632507 -0.4062982701
-0.0003648487393 0.04638051195 -0.1623985267 -0.4172751804
-3.867173432e-05 0.04905081005 -0.1643673118 -0.4040040951
0.0001496253781 0.05176317777 -0.1662962602 -0.3651696594
0.0002072833359 0.05449058273 -0.1682123561 -0.3047585915
0.0001535325373 0.05720974067 -0.1701403106 -0.2340330948
1.736160615e-05 0.05990307587 -0.172100236 -0.1704644845
-0.0001653496338 0.06255980168 -0.1741058389 -0.1271279321
-0.0003548647786 0.06517638134 -0.1761629331 -0.109451746
-0.0005108221016 0.06775641379 -0.1782684202 -0.1181507241
-0.0005955543804 0.07030990999 -0.1804099779 -0.1509153834
-0.0005773806895 0.07285208424 -0.1825664924 -0.2010258833
-0.000433319051 0.07540161918 -0.1847094653 -0.2562986881
-0.0001510999425 0.077978704 -0.1868051384 -0.3008205122
0.0002697325277 0.08060303513 -0.1888171733 -0.3214644271
0.0008176807452 0.08329196886 -0.1907096719 -0.3132889004
0.001470155436 0.08605898303 -0.1924503017 -0.2784714754
0.002195384678 0.08891260707 -0.1940131694 -0.222549143
0.002955125136 0.09185588263 -0.1953811985 -0.1523322944
0.003707953831 0.09488636676 -0.1965478151 -0.07496589207
0.004412879255 0.09799669758 -0.19751766 0.003514908836
0.00503291275 0.1011756147 -0.1983062712 0.07729422166
0.005538291038 0.1044092894 -0.1989387774 0.1367005644
0.005909086043 0.1076828105 -0.1994477062 0.1724346478
0.006136825065 0.1109816799 -0.1998700519 0.181330866
0.006225026377 0.1142931044 -0.2002439644 0.1646135295
0.006188900737 0.1176069508 -0.2006052824 0.1274893438
0.006053998473 0.1209163169 -0.2009842142 0.07687927406
0.005853849261 0.1242176363 -0.2014026675 0.02197490121
0.005627036347 0.1275103491 -0.201872301 -0.02554777038
0.005413932205 0.1307962221 -0.2023934152 -0.05543294315
0.005253311544 0.1340784292 -0.2029547703 -0.06264412429
0.0051791001 0.1373605126 -0.2035344123 -0.04880306323
0.005217320364 0.1406453823 -0.2041013467 -0.02052682512
0.005383838043 0.1439344569 -0.2046181934 0.01340186092
0.005682957442 0.1472270745 -0.2050444231 0.04421673124
0.00610697572 0.1505202482 -0.2053399008 0.06605689405
0.00663672322 0.1538088034 -0.2054684577 0.076356787
0.00724311393 0.1570858839 -0.2054011704 0.07291978873
0.007889658702 0.1603437432 -0.2051189206 0.05512116179
0.008535582098 0.1635747345 -0.2046141843 0.02615338567
0.009139367409 0.1667723651 -0.2038917317 -0.007078134071
0.009662371364 0.1699322664 -0.2029681609 -0.03568778627
0.01007217587 0.1730529453 -0.2018703647 -0.05185246605
0.01034540464 0.1761362138 -0.200633093 -0.05091977799
0.01046976388 0.1791872178 -0.1992958204 -0.03152586904
0.01044487933 0.1822140334 -0.1978992118 0.003603146176
0.01028220628 0.1852268469 -0.1964816162 0.04871640074
0.0100041197 0.1882367499 -0.1950757248 0.09670314031
0.009641861412 0.1912543683 -0.1937059254 0.1414207719
0.009232793329 0.1942884364 -0.1923865199 0.1779127297
0.008817243762 0.1973444405 -0.1911208472 0.2016391928
0.008435165651 0.2004234801 -0.1899013269 0.2085547594
0.008122836406 0.2035215004 -0.1887104257 0.197145214
0.007909784475 0.2066289986 -0.1875224323 0.1699260345
0.007816210511 0.2097313157 -0.1863059541 0.1309008065
0.007851274868 0.2128095373 -0.1850269228 0.08428404549
0.008012320211 0.2158419075 -0.1836517696 0.03432876443
0.008285051523 0.2188056464 -0.1821505018 -0.0179447235
0.008644686974 0.2216790259 -0.1804994322 -0.07121607437
0.00905806571 0.2244434801 -0.1786832787 -0.1219878052
0.009486521618 0.2270854881 -0.1766964124 -0.1654689386
0.009889215603 0.2295980798 -0.1745432407 -0.1973724367
0.01022664595 0.231981721 -0.1722376135 -0.21531216
0.01046398852 0.2342445039 -0.1698013932 -0.2192982584
0.01057407273 0.2364016967 -0.1672624336 -0.2112437139
0.0105399512 0.2384747146 -0.1646521412 -0.1952902221
0.01035680894 0.2404894618 -0.1620026584 -0.1774332063
0.01003266398 0.2424740349 -0.1593438581 -0.1626695767
0.009586245367 0.244456318 -0.1567010689 -0.154206505
0.009042056085 0.246462968 -0.1540952277 -0.1499964887
0.008426416053 0.2485197363 -0.1515449646 -0.1435720043
0.007766193828 0.2506514248 -0.1490684878 -0.1310073919
0.007088708309 0.2528809746 -0.1466846519 -0.1124676028
0.006420631285 0.2552261825 -0.1444117811 -0.08991217559
0.005775025292 0.2576873005 -0.142258102 -0.06666906123
0.005154096918 0.2602559688 -0.1402261818 -0.04670274798
0.004559932216 0.2629240352 -0.1383181043 -0.0324147578
0.003994500246 0.2656835782 -0.136535512 -0.02516535069
0.003459662982 0.2685269172 -0.1348796584 -0.02498633791
0.002957185089 0.2714466153 -0.1333514551 -0.03066874907
0.002488743496 0.2744354791 -0.1319515172 -0.04039801929
0.002055936704 0.2774865526 -0.1306802032 -0.05257150839
0.001660293832 0.2805931085 -0.1295376522 -0.06610395708
0.001303283363 0.2837486371 -0.1285238171 -0.07980745261
0.0009863214241 0.2869468312 -0.1276384942 -0.09138439693
0.0007107793847 0.2901815708 -0.1268813493 -0.09706233365
0.0004779905653 0.2934469049 -0.1262519401 -0.09248784149
0.0002892559988 0.2967370328 -0.125749735 -0.07485224417
0.0001458492789 0.3000462837 -0.125374129 -0.04584013299
4.902059145e-05 0.3033690968 -0.1251244562 -0.01465253301
0 0.3067 -0.125 0
0 0.30998 -0.125 0
0 -0.01997 -0.125 0
0 -0.01668 -0.125 0.03846748092
-2.258630967e-05 -0.01334938994 -0.1251389449 0.1429307048
-6.694581207e-05 -0.01002772077 -0.1254170078 0.2895355023
-0.0001322534154 -0.006721004228 -0.1258342896 0.451921513
-0.000217670505 -0.003435317318 -0.1263908112 0.6069577212
-0.0003223427503 -0.0001768222591 -0.1270865043 0.738089126
-0.0004453973789 0.003048214283 -0.1279211978 0.8359205469
-0.0005859400106 0.006233402829 -0.1288946021 0.8973103719
-0.0007430510975 0.009372213838 -0.13000629 0.9241755169
-0.0009157820039 0.01245796186 -0.131255675 0.9220668659
-0.001103150807 0.01548379139 -0.132641985 0.8980651465
-0.001304138037 0.01844266477 -0.1341642343 0.8584248311
-0.001517682689 0.02132735238 -0.1358211913 0.8073157406
-0.001742678784 0.02413042542 -0.1376113434 0.7474063531
-0.001977972363 0.02684425199 -0.1395328584 0.681459206
-0.002222358355 0.0294609972 -0.1415835425 0.6134704544
-0.002474576798 0.03197262883 -0.1437607932 0.5487219367
-0.002733308911 0.03437093001 -0.1460615507 0.4931565767
-0.002994214035 0.03664986051 -0.1484804115 0.4523982756
-0.003236303412 0.03882192281 -0.1509976363 0.4304625324
-0.003435621349 0.04090843007 -0.1535899219 0.4280568012
-0.003568383878 0.04293332204 -0.1562348226 0.4425577942
-0.003611158307 0.04492175567 -0.1589101855 0.4690207389
-0.003541665646 0.04689971502 -0.1615927056 0.5000041091
-0.003341820303 0.04889437506 -0.1642561936 0.5319655796
-0.003002872988 0.05093388447 -0.1668711457 0.5637002956
-0.002528723919 0.05304541088 -0.1694066534 0.5922989872
-0.001935780885 0.05525266423 -0.171833247 0.6153227485
-0.001250943066 0.05757396093 -0.1741254698 0.6307800463
-0.0005090331211 0.06002088528 -0.176264092 0.6388293065
0.000250296278 0.06259757516 -0.178237822 0.6463396046
0.000985944494 0.06530059897 -0.1800444889 0.6640615981
0.001658908091 0.0681195118 -0.1816914697 0.6985894039
0.002235656029 0.07103809391 -0.1831951843 0.7528953616
0.002691083134 0.07403601755 -0.1845798321 0.8242081018
0.00301062773 0.07709089536 -0.1858752696 0.9053390666
0.003191464139 0.08018037224 -0.187114353 0.9891839082
0.003242654163 0.08328406464 -0.1883299618 1.067877509
0.00318431718 0.08638516388 -0.189551969 1.130658178
0.003045903789 0.08947158843 -0.1908043913 1.164349791
0.002863584884 0.09253657297 -0.192103039 1.157967224
0.002677097894 0.09557865489 -0.1934539031 1.105852895
0.00252639743 0.09860115252 -0.1948523258 1.008260631
0.002448299687 0.1016112162 -0.1962830696 0.8717603306
0.002473356791 0.1046185919 -0.1977212693 0.707834402
0.002623170893 0.1076342402 -0.1991342322 0.5353129211
0.002908373696 0.1106689485 -0.2004840114 0.3789797682
0.003327653711 0.1137320341 -0.2017306312 0.253167208
0.003867881419 0.1168303174 -0.2028355386 0.1648850258
0.004505051546 0.119967491 -0.2037650056 0.1155008892
0.005206242029 0.1231439033 -0.2044932158 0.1017417996
0.005932502997 0.1263567642 -0.205004599 0.1138714263
0.00664224307 0.1296007136 -0.2052952834 0.1353253496
0.007294850457 0.132868667 -0.2053735127 0.1500653699
0.007854231003 0.1361528271 -0.2052589404 0.1480635357
0.008291881568 0.1394457183 -0.2049807962 0.1274714037
0.008589372969 0.1427410934 -0.2045753413 0.09280965098
0.008739830514 0.1460346226 -0.2040825855 0.05058824398
0.008748401242 0.1493242485 -0.2035427207 0.00708983368
0.008631698754 0.1526101654 -0.2029925874 -0.03136114064
0.008416330898 0.1558944284 -0.2024624617 -0.06047272283
0.00813659372 0.1591802429 -0.2019734224 -0.07715282006
0.007831407946 0.1624710352 -0.2015356821 -0.0796974006
0.007541024578 0.1657694139 -0.2011478505 -0.06763542211
0.007303671719 0.1690761657 -0.2007971932 -0.03974103004
0.007152369516 0.1723894196 -0.2004608365 0.002755117523
0.007112117864 0.1757041044 -0.2001078035 0.05333664444
0.007197657996 0.1790118018 -0.1997017555 0.1052799577
0.007412044853 0.182301064 -0.1992042658 0.1516167325
0.007746462625 0.1855581795 -0.1985783823 0.1869987226
0.00818095594 0.1887682931 -0.1977919598 0.2076830132
0.00868593121 0.1919168429 -0.196820629 0.2121983443
0.009224750626 0.1949910834 -0.195649977 0.200890118
0.009756941935 0.1979815304 -0.1942767831 0.1760856096
0.01024172616 0.2008831693 -0.192709239 0.1449139436
0.01064157152 0.203696275 -0.1909661281 0.1178551996
0.01092543183 0.2064266987 -0.1890750088 0.1044757986
0.01107138156 0.209085592 -0.1870696608 0.1078077819
0.01106847886 0.2116885888 -0.1849870696 0.1226061329
0.01091760215 0.2142544617 -0.1828641757 0.1401354773
0.0106312674 0.2168033928 -0.180734752 0.1552705284
0.01023250768 0.2193550139 -0.1786266751 0.1713497374
0.009752921449 0.2219263844 -0.1765597862 0.1971966134
0.009229969799 0.2245301212 -0.1745445511 0.2406836594
0.008703771505 0.227172932 -0.1725817005 0.3010769255
0.008213825933 0.2298546328 -0.1706627228 0.3703338942
0.007795863648 0.2325677586 -0.1687711253 0.4354175895
0.00747896499 0.2352977582 -0.166884237 0.4827267768
0.007282922457 0.2380237729 -0.1649753538 0.502345624
0.007215930469 0.2407201459 -0.1630162056 0.4907043755
0.007273502031 0.2433587931 -0.1609797467 0.451394813
0.00744002739 0.2459116703 -0.1588425151 0.393037035
0.00769319989 0.2483516348 -0.1565853503 0.3270028708
0.008008061567 0.2506513506 -0.1541928628 0.2655886426
0.008358569549 0.2527820672 -0.1516534963 0.2180771773
0.008717921913 0.2547132632 -0.1489605837 0.1885263669
0.009059426567 0.2564144702 -0.1461147021 0.1758394092
0.009365768186 0.2578667202 -0.1431302598 0.1755682746
0.009634863203 0.259065373 -0.1400317407 0.181910257
0.00986578779 0.2600089221 -0.1368432265 0.1896676254
0.01005804961 0.2606983804 -0.1335877465 0.195864177
0.01021154846 0.2611369947 -0.1302870263 0.2007759238
0.01032653302 0.2613299462 -0.1269612973 0.2061006752
0.01040355566 0.2612840472 -0.1236291645 0.2091076801
0.01044342686 0.2610074449 -0.1203075287 0.2054802307
0.01044717069 0.260509339 -0.1170115542 0.1938844517
0.01041598255 0.2597997195 -0.1137546787 0.1742298371
0.01035118979 0.258889128 -0.1105486553 0.1481137386
0.01025421611 0.2577884449 -0.1074036219 0.1171463095
0.0101265499 0.2565087041 -0.1043281907 0.08490315105
0.009969716864 0.2550609337 -0.1013295513 0.05939356624
0.009785256792 0.253456024 -0.09841358419 0.04375200539
0.009574704461 0.2517046186 -0.09558497807 0.03813477586
0.009339574209 0.2498170284 -0.09284734883 0.04328329064
0.009081347945 0.2478031653 -0.09020335682 0.05752169867
0.008801466183 0.2456724942 -0.08765482015 0.0779678883
0.008501321726 0.2434339997 -0.08520282261 0.101207021
0.008182255641 0.2410961659 -0.08284781477 0.1237543092
0.007845555157 0.2386669674 -0.08058970771 0.1425851764
0.007492453133 0.2361538693 -0.07842795902 0.1555065826
0.007124128787 0.2335638343 -0.07636165066 0.1613659941
0.006741709381 0.2309033359 -0.07438955912 0.1600815081
0.006346272596 0.2281783756 -0.07251021788 0.1524741084
0.00593884937 0.2253945037 -0.07072197263 0.13992764
0.005520427007 0.2225568422 -0.06902302967 0.1239762057
0.00509195238 0.2196701091 -0.06741149805 0.1059716206
0.004654335107 0.2167386439 -0.06588542584 0.08696479611
0.004208450588 0.213766433 -0.06444283129 0.06782825515
0.003755142824 0.2107571347 -0.06308172923 0.04950197892
0.003295226963 0.2077141046 -0.06180015321 0.03316291807
0.002829491534 0.2046404189 -0.06059617408 0.02016970816
0.002358700352 0.2015388984 -0.05946791519 0.01178056501
0.001883594082 0.1984121298 -0.05841356473 0.008771190305
0.001404891474 0.1952624871 -0.05743138563 0.01111523831
0.0009232902801 0.1920921512 -0.05651972329 0.0178509617
0.0004394678963 0.1889031287 -0.05567701144 0.02720110681
-4.591824068e-05 0.185697269 -0.05490177654 0.03695422999
-0.0005322304333 0.1824762811 -0.05419264088 0.04502668726
-0.001018850616 0.1792417482 -0.05354832473 0.05000959919
-0.001505180286 0.175995142 -0.05296764769 0.05144730291
-0.001990640384 0.1727378358 -0.05244952958 0.04969278526
-0.002474671063 0.1694711165 -0.05199299093 0.04543146772
-0.002956731254 0.1661961961 -0.05159715328 0.03919630194
-0.003436297997 0.1629142218 -0.05126123938 0.0312172829
-0.003912865478 0.1596262861 -0.05098457343 0.02169809302
-0.004385943766 0.1563334362 -0.05076658129 0.01125076756
-0.004855057229 0.1530366823 -0.05060679087 0.001035321739
-0.005319742649 0.1497370065 -0.05050483259 -0.007657792909
-0.005779547045 0.1464353709 -0.05046043997 -0.01417900094
-0.006234025222 0.1431327251 -0.05047345039 -0.01907364055
-0.006682737067 0.1398300147 -0.05054380595 -0.02391847814
-0.007125244623 0.1365281888 -0.0506715545 -0.03043451596
-0.007561108947 0.1332282082 -0.05085685075 -0.03940628704
-0.007989886792 0.1299310534 -0.05109995746 -0.05010251941
-0.008411127134 0.126637733 -0.05140124657 -0.06058080419
-0.008824367563 0.1233492929 -0.05176120034 -0.06871340018
-0.009229130605 0.120066825 -0.05218041222 -0.07335056826
-0.00962491999 0.1167914774 -0.05265958747 -0.07496318816
-0.01001121694 0.1135244643 -0.05319954339 -0.0753882748
-0.01038747651 0.1102670773 -0.05380120898 -0.07678301191
-0.01075312407 0.1070206967 -0.05446562402 -0.0803284945
-0.01110755195 0.1037868042 -0.05519393742 -0.08537788226
-0.0114501163 0.1005669958 -0.05598740466 -0.08951826773
-0.01178013426 0.09736299604 -0.05684738435 -0.08953073884
-0.01209688139 0.09417667282 -0.05777533361 -0.08276672055
-0.01239958944 0.09101005328 -0.05877280229 -0.06827365017
-0.01268744443 0.08786534066 -0.05984142567 -0.04718295933
-0.01295958517 0.08474493196 -0.06098291561 -0.02228417844
-0.01321510203 0.08165143668 -0.06219904977 0.002899560124
-0.01345303626 0.07858769638 -0.06349165878 0.02505637258
-0.01367237961 0.07555680507 -0.064862611 0.04169170956
-0.01387207461 0.07256213034 -0.06631379461 0.05131912886
-0.01405101526 0.0696073351 -0.06784709682 0.05339796944
-0.01420804852 0.06669639973 -0.06946437977 0.04822161934
-0.01434197647 0.06383364446 -0.07116745287 0.03681601963
-0.01445155933 0.06102375178 -0.0729580413 0.02074431387
-0.01453551942 0.05827178833 -0.07483775015 0.001711563581
-0.01459254621 0.05558322612 -0.076808024 -0.01894357189
-0.01462130259 0.05296396233 -0.07887010144 -0.04056596358
-0.01462043242 0.05042033721 -0.0810249641 -0.06301216436
-0.01458856963 0.04795914912 -0.08327327994 -0.08600810454
-0.01452434903 0.04558766599 -0.08561534034 -0.1084694199
-0.014426419 0.04331363196 -0.08805099071 -0.1283635279
-0.01429345635 0.04114526789 -0.09057955456 -0.1433782184
-0.01412418351 0.03909126445 -0.09319975092 -0.1520811858
-0.01391738842 0.03716076589 -0.09590960532 -0.1548598959
-0.01367194727 0.0353633428 -0.09870635477 -0.1540690944
-0.01338685039 0.03370895169 -0.1015863475 -0.1539917549
-0.01306123144 0.03220787927 -0.104544939 -0.1567169813
-0.01269439996 0.03087066902 -0.1075763848 -0.1623038383
-0.01228587722 0.02970802804 -0.1106737347 -0.1696745665
-0.01183543503 0.02873071179 -0.1138287289 -0.177177291
-0.01134313727 0.02794938511 -0.1170317004 -0.1831416777
-0.01080938341 0.02737445785 -0.1202714893 -0.1861604452
-0.01023495351 0.02701589416 -0.1235353721 -0.1852565764
-0.009621053536 0.0268829955 -0.1268090134 -0.1794710573
-0.008969359632 0.02698415829 -0.1300764449 -0.1688545161
-0.008282059305 0.02732660912 -0.1333200805 -0.1551471041
-0.007561887324 0.02791612193 -0.1365207719 -0.1409603367
-0.006812154261 0.02875672305 -0.1396579133 -0.1322864454
-0.006036765923 0.02985039216 -0.1427096002 -0.1346987914
-0.005240231653 0.03119676874 -0.1456528469 -0.1528295279
-0.00442768895 0.03279286956 -0.1484638888 -0.1858588869
-0.00361169257 0.0346274251 -0.1511244702 -0.2307922245
-0.00281801155 0.03667298334 -0.1536337838 -0.2830086768
-0.002072827851 0.03889917916 -0.1560002824 -0.3345097701
-0.00140078925 0.04127708958 -0.1582376911 -0.3776215022
-0.0008249865255 0.0437793762 -0.1603636011 -0.407668947
-0.0003661997149 0.04637936475 -0.1623988745 -0.4186368239
-3.986625453e-05 0.0490496629 -0.1643676337 -0.4053565332
0.0001486023988 0.05176205244 -0.1662965348 -0.3665125166
0.0002064389384 0.05448949987 -0.1682125649 -0.3060913233
0.0001528669095 0.05720871847 -0.1701404389 -0.2353550512
1.686927078e-05 0.05990212849 -0.1721002735 -0.1717749883
-0.0001656782092 0.06255893812 -0.1741057802 -0.1284263662
-0.0003550414788 0.06517560486 -0.1761627776 -0.1107376369
-0.0005108596478 0.0677557219 -0.1782681713 -0.1194238014
-0.0005954650132 0.07030929497 -0.1804096423 -0.1521756079
-0.0005771748615 0.07285153402 -0.1825660793 -0.2022734342
-0.0004330048386 0.07540111875 -0.1847089855 -0.2575339154
-0.0001506829388 0.07797823704 -0.1868046035 -0.3020438633
0.0002702491 0.08060258559 -0.1888165948 -0.3226763636
0.0008182956355 0.08329152242 -0.1907090604 -0.3144898172
0.001470868684 0.08605852826 -0.1924496664 -0.2796616379
0.00219619697 0.08891213628 -0.1940125171 -0.2237286514
0.002956036728 0.09185539207 -0.1953805332 -0.1535010771
0.003708963478 0.09488585629 -0.1965471377 -0.07612372757
0.004413983218 0.09799617002 -0.1975169682 0.002368348697
0.005034103967 0.1011750748 -0.1983055593 0.07615931742
0.005539558555 0.1044087428 -0.1989380372 0.1355776959
0.00591041468 0.1076822626 -0.1994469278 0.1713241493
0.006138196167 0.1109811351 -0.1998692242 0.1802330044
0.006226418135 0.1142925655 -0.2002430764 0.1635285092
0.006190289026 0.1176064192 -0.2006043242 0.1264173338
0.00605535761 0.1209157928 -0.2009831779 0.07582044751
0.005855153115 0.124217119 -0.2014015477 0.0209294791
0.005628259474 0.1275098382 -0.2018710954 -0.02657948162
0.005415050845 0.1307957176 -0.2023921246 -0.05645052832
0.00525430442 0.1340779321 -0.2029533985 -0.06364705716
0.005179949056 0.1373600251 -0.2035329659 -0.04979072727
0.005218011083 0.1406449075 -0.2040998347 -0.02149855595
0.00538436022 0.1439339989 -0.204616627 0.01244672163
0.005683304713 0.1472266374 -0.2050428152 0.0432787804
0.006107145717 0.1505198361 -0.2053382659 0.06513661927
0.006636717594 0.1538084197 -0.2054668116 0.07545453422
0.007242938517 0.1570855314 -0.2053995297 0.07203575053
0.007889323423 0.160343424 -0.2051173019 0.05425538498
0.00853510054 0.1635744501 -0.2046126039 0.02530579823
0.009138756169 0.1667721169 -0.2038902044 -0.007907684268
0.009661649103 0.1699320555 -0.2029666999 -0.03649949092
0.01007136221 0.1730527731 -0.2018689807 -0.05264652271
0.01034451904 0.1761360819 -0.2006317945 -0.05169636983
0.01046882459 0.179187128 -0.1992946142 -0.03228516013
0.01044390276 0.1822139878 -0.1978981031 0.002861000218
0.0102812062 0.1852268476 -0.1964806095 0.04799122648
0.01000310743 0.1882367986 -0.1950748245 0.09599472118
0.00964084571 0.1912544666 -0.1937051365 0.1407288299
0.009231780721 0.1942885855 -0.1923858484 0.1772369178
0.008816239146 0.1973446416 -0.1911203002 0.2009791048
0.008434172921 0.2004237345 -0.1899009125 0.2079099584
0.008121858942 0.2035218098 -0.1887101523 0.1965152772
0.007908826319 0.2066293657 -0.1875223079 0.1693106021
0.007815276484 0.209731744 -0.1863059857 0.130299627
0.007850370907 0.2128100315 -0.1850271157 0.08369700871
0.008011453685 0.2158424733 -0.1836521262 0.03375591479
0.00828423143 0.2188062895 -0.1821510211 -0.01850319478
0.008643923857 0.2216797519 -0.1805001096 -0.07175985856
0.009057371587 0.2244442927 -0.178684105 -0.1225165242
0.009485909367 0.2270863881 -0.1766973737 -0.1659821996
0.009888698047 0.229599064 -0.1745443192 -0.1978698831
0.0102262347 0.2319827814 -0.1722387875 -0.2157935073
0.01046369263 0.2342456275 -0.1698026383 -0.2197633078
0.01057389721 0.2364028658 -0.1672637236 -0.2116923428
0.01053989582 0.2384759079 -0.16465345 -0.1957223584
0.01035686771 0.2404906559 -0.1620039608 -0.177848791
0.01003282476 0.2424752054 -0.1593451316 -0.1630685305
0.009586491314 0.2444574416 -0.1567022939 -0.1545887144
0.009042367923 0.2464640226 -0.1540963869 -0.1503618107
0.008426773406 0.2485207016 -0.1515460419 -0.1439202769
0.007766575518 0.2506522831 -0.1490694675 -0.131338448
0.007089092299 0.2528817117 -0.1466855187 -0.1127812926
0.006420996534 0.2552267917 -0.1444125227 -0.0902084627
0.005775365464 0.2576877914 -0.1422587172 -0.06694797296
0.005154406848 0.260256353 -0.1402266729 -0.04696430626
0.004560207968 0.2629243259 -0.1383184769 -0.03265897969
0.003994739188 0.2656837896 -0.1365357752 -0.02539224752
0.003459863886 0.2685270632 -0.1348798235 -0.02519591383
0.00295734821 0.2714467096 -0.1333515359 -0.03086099989
0.002488870581 0.2744355342 -0.1319515287 -0.04057293213
0.002056030911 0.2774865798 -0.1306801614 -0.05272906248
0.001660359505 0.2805931176 -0.1295375734 -0.0662441258
0.001303325652 0.2837486358 -0.1285237174 -0.07993020635
0.0009863457906 0.2869468254 -0.1276383884 -0.09148970581
0.000710791106 0.2901815645 -0.12688125 -0.09715016897
0.0004779943423 0.2934469003 -0.1262518572 -0.09255817548
0.0002892556954 0.2967370305 -0.1257496746 -0.07490504835
0.0001458477613 0.3000462833 -0.1253740933 -0.04587537577
4.901959967e-05 0.3033690972 -0.1251244424 -0.01467017711
0 0.3067 -0.125 0
0 0.30998 -0.125 0
